from_bus,to_bus,resistance,reactance,susceptance,line_rating,line_status,P_from,Q_from,P_to,Q_to
1,7,0.005892,0.025671,0.00514,118,1,5.2797433941161,6.23062721072656,-5.2752774416927,-6.68279296297836
2,7,0.00022,0.015489,0.0,751,1,16.3773244405117,-7.16334001324341,-16.3765548520448,7.21752253944538
7,9,0.002334,0.014378,0.00616,240,1,3.98399269472525,0.565836046393372,-3.98356975891982,-1.12710000054897
2,11,0.007004,0.025839,0.04048,223,1,32.9478812616905,0.217291204720813,-32.8653428556856,-3.64537180611068
3,12,0.031431,0.107285,0.01102,135,1,2.86796394985241,-1.02163897849931,-2.86509735679938,0.006646473367961
8,12,0.000204,0.001145,0.0,0,1,42.5831103059168,26.123990052431,-42.5776377238729,-26.0932738443907
13,14,0.003893,0.016474,0.0104,231,1,-25.3841542328491,-5.43640233783151,25.4125401170537,4.60050099831995
5,15,0.006417,0.036411,0.00573,115,1,11.2130159392054,2.02240963590021,-11.2039440850034,-2.50087221661995
14,15,0.003386,0.02269,0.01677,232,1,-11.198947278913,-4.01389393558084,11.2039440850034,2.50087221662064
13,16,0.001837,0.008382,0.00168,205,1,17.713654756521,7.0677719274381,-17.7063498501779,-7.1884147906636
7,17,0.019901,0.051307,0.00175,56,1,-3.65883346924553,-0.535334582207233,3.66178829418461,0.382556033784446
13,17,0.000298,0.001148,0.0,0,1,-22.2005164154351,2.33395802703605,22.2021350182524,-2.32772260410224
10,18,0.000287,0.001074,0.0,0,1,-37.0882199006052,-9.5291640591593,37.092817236519,9.54636802700388
13,18,0.004835,0.016423,0.0041,143,1,29.8710158917549,-3.96532761665568,-29.8232398539313,3.75179111451278
11,19,0.004344,0.013473,0.00538,198,1,2.88982157085243e-06,-0.494578707221038,3.90542259751136e-13,2.7023814603676597e-12
11,20,-0.00025,-0.006903,0.0,145,1,22.4425581983118,-10.1145872961337,-22.4442061642256,10.0690836613225
18,20,7.7e-05,0.00635,0.0,1208,1,9.63912701357465,-17.2399116882148,-9.6387990026623,17.2669619387787
11,21,0.001621,0.009234,0.00673,267,1,-29.8941179277619,-0.589026028173235,29.9098776023885,0.0597825572441965
8,22,0.020279,0.047595,0.0072,64,1,12.4049613651272,-4.61256881199124,-12.3674305824612,4.03113167025991
18,23,0.000493,0.014261,0.0,128,1,-9.18248293577328,10.0733830219118,9.18348308056754,-10.044451855764
22,23,0.003265,0.099065,0.0,172,1,2.3675201714291,-19.5805780956202,-2.35298750239935,20.0215210841142
14,24,0.03568,0.234474,0.07958,251,1,-29.29180614153,-2.50815203560979,29.6246974979053,-2.71654930086974
8,25,0.0002,0.001033,0.0,0,1,-64.5077691513987,-9.3554442816429,64.5169028986013,9.40262008594436
24,27,0.000127,0.009773,0.0,1452,1,199.111985995655,-38.7420668244128,-199.056500274789,43.01184595844
26,27,0.000801,0.050587,0.0,397,1,-81.0050118942706,-15.5051989188447,81.0635722496339,19.2035668299089
20,29,0.000242,0.001061,0.0,0,1,-5.27047639758822,-32.2628676656432,5.27329360988348,32.2752191625245
21,29,0.00041,0.005935,0.51185,2445,1,21.0718565632689,-11.5087446015414,-21.0692321632957,-35.5180728787257
26,30,0.000294,0.001889,0.00103,298,1,15.7503746811768,3.27229206289053,-15.7495559678643,-3.36285386973724
22,31,0.000222,0.001028,0.0,0,1,6.85870807511954,9.6043996631839,-6.8583753837098,-9.60285909215141
23,31,0.017992,0.069993,0.00524,139,1,-6.83049557816836,-9.97706922835252,6.8583753837063,9.60285909215631
25,32,0.005798,0.009798,0.00057,62,1,3.30533114535819,0.958463150171824,-3.30459017256548,-1.01025009147782
30,33,0.001704,0.010328,0.00257,242,1,2.6173716555927e-07,-0.239063871689674,-8.07962662187086e-14,-1.36822977704349e-12
24,34,0.004605,0.186968,0.0,273,1,35.1192797381864,4.05229754415505,-35.0581701714303,-1.57118278253918
26,35,0.003857,0.015837,0.0018,148,1,16.0826292537348,2.76679612663559,-16.0715702110284,-2.88867086626499
34,36,0.001295,0.006628,0.00386,299,1,33.8512812408067,-8.99768195299301,-33.8342060321208,8.72679137418572
12,37,0.000225,0.001078,0.0,0,1,45.4427350806722,26.0866273710372,-45.4360895755777,-26.0547880177397
30,37,0.068187,0.235615,0.03273,124,1,3.19077334818265,-2.13521995204817,-3.18303491288511,-0.880313856094289
4,38,0.000689,0.004356,0.00617,215,1,-24.1395136445977,-6.51408130240552,24.1441296407948,5.97061738958023
28,38,0.000265,0.001035,0.0,0,1,0.0,0.0,0.0,0.0
37,38,0.000257,0.001096,0.0,0,1,24.1458417328138,5.97791876252889,-24.1441296407993,-5.97061738957993
36,39,0.031484,0.081464,0.00807,69,1,-4.90105164178996,1.27223105777257,4.91011766144389,-1.99811967724246
34,40,0.000269,0.00107,0.0,0,1,-0.452835813246067,5.66260225818118,0.452929350063971,-5.66223019723265
1,42,0.0064,0.033076,0.03976,271,1,4.22418129080391,-9.98596381575182,-4.2183072368933,6.35061923013843
32,42,0.006301,0.272761,0.0,100,1,3.30459017256496,1.01025009147923,-3.3037813366041,-0.975236775256159
34,43,0.073548,0.200793,0.00788,62,1,1.65972474387273,4.90626247736864,-1.63551557666613,-5.56222671957823
40,44,0.00456,0.21285,0.0,25,1,-0.452929350066742,5.66223019721482,0.454514955604425,-5.58821788609734
41,44,0.000511,0.027118,0.0,523,1,79.004481612351,-41.9295915306833,-78.9581032129614,44.3908233010256
43,44,0.000251,0.001156,0.0,0,1,-51.847677086363,35.5833565006653,51.8586494425751,-35.5328224616962
8,45,0.006269,0.036266,0.00946,181,1,2.99723280980434,1.75384062222286,-2.99630314849222,-2.62764123361346
36,45,0.000252,0.001081,0.0,0,1,34.1243888416088,-9.60308448412373,-34.1209775416793,9.61771787786886
37,45,0.000209,0.001006,0.0,0,1,12.240891139594,18.6765608683601,-12.2397690727159,-18.6711599148703
18,46,0.001183,0.051352,0.0,268,1,-7.7262214603917,-6.13163047520698,7.72747821461077,6.18618401929611
22,46,0.017057,0.050152,0.00195,46,1,3.14120233591631,5.94504676217196,-3.13270603046858,-6.10061227386854
36,46,0.070225,0.143869,0.00556,41,1,4.61086883229682,-0.395937947845189,-4.59477218414197,-0.0855717454269005
39,48,0.032921,0.068415,0.00306,70,1,-4.91011766144381,1.99811967724297,4.92028698291704,-2.26123945041744
43,49,0.049177,0.099549,0.00751,61,1,15.6707357735062,-10.1116443738569,-15.4853196611372,9.80594570572698
41,50,0.006621,0.035491,0.00492,172,1,25.6614523146819,-6.74511295447815,-25.6125390078889,6.5401872248929
48,50,0.052297,0.130579,0.007,62,1,-8.24306424668825,-4.99024615932799,8.29356092690857,4.45861614364934
42,51,0.00027,0.001157,0.0,0,1,-26.8826637296315,-8.55130535857587,26.8849881439173,8.5612659042375
45,51,0.000594,0.02739,0.0,485,1,26.8901697809158,6.18879393204171,-26.8852982815469,-5.96416368336506
47,51,0.01699,0.075394,0.02807,139,1,1.2942221792960701e-14,1.70510406487339e-13,0.0003101376285028,-2.5971022208775
27,52,0.010537,0.02443,0.00173,74,1,7.48446350532165e-07,-0.164226774803435,3.46111375720784e-13,-5.26006660779712e-15
25,53,0.003368,0.013109,0.00809,204,1,-54.2040055948882,19.5029403467994,54.3246164443098,-19.7859076155965
43,53,0.003323,0.109297,0.0,91,1,-6.2610472882126,-30.443753509483,6.29833071157029,31.6700449096405
48,53,0.000228,0.001033,0.0,0,1,-38.2715898668915,-1.72230211985273,38.2751915641542,1.73862033595989
49,54,0.01188,0.054814,0.01695,159,1,37.61777064425,-9.90961235148476,-37.4219314241094,9.27094010884482
30,55,0.023999,0.100457,0.01277,101,1,7.54386872045947,8.54276066127872,-7.50764869252201,-9.56508763808683
44,55,0.003899,0.016248,0.005,132,1,5.13436876434226,-14.8608985565582,-5.12399434123709,14.4510284677863
1,56,0.002265,0.013725,0.00342,173,1,-16.5929686789527,1.87554053440664,16.5998523934448,-2.14833934717895
26,56,0.005939,0.024834,0.01437,258,1,49.1720079593594,9.46611072932475,-49.0111150041666,-10.1226641578457
6,57,0.000374,0.020105,0.0,480,1,-20.9233269670553,-5.51119668382346,20.9252436711148,5.61423233921361
7,57,0.001736,0.011062,0.00299,243,1,7.26305963591252,-2.66950758439437,-7.26193781366834,2.40284926784073
48,57,0.008702,0.049652,0.00425,167,1,34.3695240509646,7.41000185588326,-34.2534649507844,-7.13985032851581
49,57,0.016567,0.037865,0.00265,71,1,-25.1238748915849,2.04716925442737,25.2397604744638,-2.02411600821766
56,57,0.005465,0.014615,0.00169,74,1,29.190127619704,2.18011553658894,-29.1391950760109,-2.19901695833218
8,58,0.008159,0.209012,0.0,103,1,6.52246467054965,-13.9098175810467,-6.49991479967236,14.4874856300484
25,58,0.006611,0.026657,0.00267,146,1,65.0303354072861,19.1834510198078,-64.7034972619171,-18.1116189832175
49,58,0.006873,0.041865,0.01589,212,1,-7.45934276889613,-3.28819812887485,7.46404720960169,1.8697730486682
54,58,0.059354,0.191008,0.01019,104,1,-11.8567256887447,2.98038770151454,11.9560814886367,-3.58945390455783
2,59,0.006205,0.02256,0.00736,138,1,-49.3252057022023,6.9460488085226,49.4919945096601,-7.02145422364284
3,59,0.004005,0.12994,0.0,89,1,-2.86796394985239,1.0216389784994,2.86836299551877,-1.00869216354545
5,59,0.00333,0.020341,0.0053,163,1,-11.2130159392054,-2.02240963590055,11.2176489848462,1.55933223594567
17,59,0.003532,0.019741,0.01153,284,1,-64.8848461194084,-14.6475776204749,65.0545864301406,14.5324254748607
30,59,0.0011,0.012,0.26,1100,1,5.01491363748428,-2.80562296780115,-5.01359631333377,-21.3349086217855
53,59,0.000231,0.001027,0.0,0,1,186.031119377736,28.3486183028159,-185.943096549443,-27.9572787155541
54,59,0.003301,0.107403,0.0,74,1,-43.1496751405956,-30.2312862207747,43.2566775349264,33.7127700615228
55,60,0.030554,0.070874,0.00276,49,1,4.61669754253869,-8.73005755502192,-4.58462453229023,8.5524378945049
56,60,0.002035,0.008713,0.00127,142,1,3.22113499101911,10.0908879684391,-3.21862623709974,-10.1968308988367
61,62,0.015185,0.046093,0.00445,134,1,-20.923132195385,4.10675609678386,20.9956400748783,-4.31258810155454
63,64,0.003259,0.090824,0.0,113,1,-21.92819764559,-3.1288643754199,21.9441553402974,3.57358412506681
64,66,0.00257,0.01837,0.03349,443,1,124.691476816937,17.633843249308,-124.286159733912,-18.0958978488929
65,66,0.0059,0.164209,0.0,72,1,19.0063946949987,-8.70155435118384,-18.9797896014896,9.44202821559882
64,68,0.000287,0.001024,0.0,0,1,-146.635632157232,-21.2074273743419,146.69803897474,21.4300914200873
65,69,0.000208,0.001101,0.0,0,1,-37.4045301011526,1.00259548573745,37.407535448416,-0.986687373540356
69,71,0.014501,0.060473,0.005,126,1,-2.44431511461233,-0.527762773545102,2.44522127969842,0.0467049029765933
62,72,0.004597,0.020232,0.00183,115,1,-20.9956400748787,4.31258810155456,21.0177132884459,-4.39083945941967
67,72,0.063127,0.129792,0.01108,51,1,19.48095410519,12.578969761583,-19.1378877379291,-12.9675775152668
70,73,0.000917,0.005856,0.01075,229,1,-9.22065415120899,-3.00974949591066,9.22151040741336,1.96508021535016
70,74,0.001235,0.008147,0.00313,262,1,-20.5632670989578,-118.602725730241,20.7460334993599,119.499587452548
73,75,0.003851,0.024566,0.01016,174,1,-15.8757491435301,-5.18515222074621,15.8865491074071,4.259510435711
74,75,0.001078,0.006631,0.0118,233,1,-40.6605138700507,126.555138966964,40.8532637935738,-126.536040336074
66,76,0.005328,0.027284,0.00406,184,1,-69.647163152885,14.3193077052553,69.9177753056451,-13.3381203982816
74,76,0.003249,0.016917,0.00504,122,1,70.0831889403464,-12.9790762982176,-69.9177753056477,13.3381203982902
74,77,9.7e-05,0.008412,0.0,1741,1,-47.7903194772634,22.4992202441151,47.7930352714311,-22.2637020942238
69,78,0.002196,0.009809,0.00599,131,1,-57.6642046160654,4.40210730878004,57.7400488090586,-4.64434099687691
71,78,0.008295,0.177014,0.0,70,1,-2.44522127969841,-0.0467049029765063,2.44573266589682,0.0576178043056748
75,78,0.002899,0.011306,0.00183,133,1,-8.74910792775484,45.8653162374218,8.81380211547063,-45.7915677399072
74,79,0.000226,0.006296,3.48014,3980,1,-25.6771136066327,-263.180670498259,25.6968860151972,-85.0752502238535
79,82,0.000629,0.003685,0.00152,259,1,-44.3687481212661,76.0533115246799,44.4171980212942,-75.9223011681203
80,82,0.024878,0.092653,0.00565,136,1,10.8010612932513,-11.1216837779031,-10.7420849235364,10.7788741003456
81,82,0.000192,0.014339,0.0,685,1,35.0882910353626,-61.3753186920791,-35.0785523951662,62.1026226596631
81,84,0.010684,0.028356,0.00075,64,1,5.23686283351738,21.5270533639288,-5.18347160419298,-21.4587553426634
84,85,0.000291,0.0011,0.0,0,1,-34.9509296144339,-17.5774088343216,34.9555113392045,17.5947280688497
77,86,0.004369,0.02033,0.01545,227,1,-47.7930352714342,22.2637020942494,47.916886710349,-23.2174745672336
80,86,0.000257,0.00109,0.0,0,1,121.166596593955,-18.5898083078984,-121.127509433208,18.7555865383016
81,86,0.002065,0.012353,0.02541,265,1,-49.725049880994,-2.57222370811809,49.7769020790039,0.375450979805993
78,87,0.000201,0.001067,0.0,0,1,-86.004400462157,45.8395150803452,86.0240658594111,-45.7351221506431
69,88,0.010647,0.053266,0.00688,137,1,-15.2207864294406,0.924090369931488,15.2464115944824,-1.46334047451446
85,89,0.000676,0.002507,0.00096,187,1,71.1034368859938,14.0731196014105,-71.066914870938,-14.0309721838727
88,89,0.000273,0.001005,0.0,0,1,83.6108462010805,-17.5553445448747,-83.5903274032617,17.6308807786033
83,90,0.024978,0.06062,0.00328,63,1,8.27363807786316e-14,-1.7607589230164e-13,6.4464138155418e-06,-0.314689246032347
84,90,0.002574,0.017768,0.011,189,1,26.447298588668,31.5891235556558,-26.4014529077703,-32.3349601505046
88,90,0.005042,0.025154,0.00245,168,1,17.5449761986392,19.8095957984861,-17.5083742879484,-19.8634776247897
81,91,0.003667,0.015257,0.00424,144,1,9.39989601210878,42.4204890362971,-9.3289809445404,-42.5403510927682
88,91,0.000262,0.001,0.0,0,1,12.9082885775689,-34.6387221900136,-12.9046019619384,34.6527932420386
90,91,0.02809,0.12288,0.01871,149,1,-3.55717458299156,-5.09825651363632,3.56604628079841,3.33050881151888
84,92,0.002845,0.015001,0.00635,213,1,4.82082446120708,3.27367238436178,-4.81976871013977,-3.88495497493389
87,92,0.000285,0.001095,0.0,0,1,-119.001630515563,4.52153830964381,119.04329187198,-4.36147099288433
88,92,0.00022,0.00106,0.0,0,1,17.665526745517,14.0591369393424,-17.6643719872573,-14.0535731040908
84,93,0.003075,0.012999,0.00362,146,1,-2.38259811476129,1.62049226575438,2.38287977290344,-1.97114032853967
85,93,0.000286,0.001162,0.0,0,1,6.51465629122428,37.5910981239139,-6.51037655176038,-37.5737098118263
85,94,0.021288,0.079837,0.00807,163,1,0.30014467556299,-1.30245742553369,-0.299943729690572,0.517722760374277
85,95,0.003967,0.015706,0.00157,144,1,14.1753655446352,-97.2628798048468,-13.7819545910433,98.6654184615641
68,96,0.027067,0.147815,0.03604,154,1,-7.43910965459959,13.2461521264059,7.51472250348173,-16.4043031190847
89,96,0.000285,0.001138,0.0,0,1,106.067701182243,-22.4068471569376,-106.033206959369,22.5445819837141
96,98,0.000297,0.001062,0.0,0,1,78.1380844867897,-10.5819941687705,-78.1190653597403,10.6500019564018
90,99,0.001225,0.005466,0.00122,195,1,-12.3995736575933,62.6393732120331,12.4517312824513,-62.5232882353015
93,99,0.00101,0.006321,0.01764,275,1,66.1112323681234,139.167385698932,-65.8620239383609,-139.305236223404
95,99,0.000118,0.007585,0.0,937,1,-44.2891309155304,-213.287871782742,44.3499897864919,217.199859378023
67,100,0.000245,0.001109,0.0,0,1,34.7076332837102,67.2628221538026,-34.6938201905914,-67.2002967649504
68,100,0.000576,0.003062,0.00338,184,1,-132.25893216995,-34.6762435465261,132.365395810125,34.8999303569426
95,100,0.000121,0.008533,0.0,1058,1,98.7262413764065,2.1094439756541,-98.7146165603496,-1.28965426149252
61,101,0.012736,0.049197,0.00477,125,1,-79.900910704193,8.14261754374358,80.7608512184055,-5.2800795313509
96,101,0.017178,0.079307,0.01087,119,1,2.33770665114768,-0.293603244410074,-2.33673008541171,-0.756644191901785
98,101,0.001852,0.009879,0.01768,212,1,10.1726385883335,1.95833612433469,-10.1705128675123,-3.66234144552748
93,102,0.000251,0.001058,0.0,0,1,40.416259527041,-110.992534630872,-40.3802205772295,111.144443829678
94,102,0.022506,0.078327,0.01003,113,1,0.299943729690615,-0.517722760374278,-0.299922743725473,-0.459088051748178
95,102,0.000175,0.0128,0.0,726,1,-40.6551558698325,112.513009345536,40.6801433209521,-110.685355777937
69,103,0.000256,0.001087,0.0,0,1,10.8313564439026,-16.4239915367341,-10.8303340086135,16.4283328928246
98,103,0.002895,0.085095,0.0,134,1,6.06538965689939,-6.50777658298615,-6.06299975896485,6.57802472279207
100,103,0.001143,0.086521,0.0,125,1,-5.35664593079061,26.394799026441,5.36481880709098,-25.7761416070321
103,104,0.000494,0.029964,0.0,479,1,11.5285149604952,2.7697839914374,-11.5277623520522,-2.72413387122132
98,106,0.009804,0.038883,0.01725,138,1,21.0572473328794,0.442550642852804,-21.0122972969186,-1.93435028936643
97,107,0.001068,0.051366,0.0,165,1,-55.5272645939874,-18.1772843164592,55.5662531875091,20.0524604352163
98,108,0.00421,0.019251,0.00525,106,1,40.8237897816217,-6.54311214059722,-40.7497925947913,6.37211791861675
99,108,0.019284,0.069375,0.01652,141,1,9.06030286941669,-15.3713349193277,-9.00064141920016,13.9979272917111
101,108,0.020867,0.075477,0.00995,129,1,8.83371125064403,-2.87907710305919,-8.81568393770251,1.9793880926051
105,108,0.01173,0.04865,0.00826,149,1,19.5344174531458,-5.59411950844887,-19.4849671437701,4.99845047492635
107,109,0.00119,0.036816,0.0,256,1,-49.2670399792889,-15.0647686052462,49.3000811739433,16.0869909770071
85,110,0.001757,0.009552,0.00329,275,1,8.68087393958457,14.2363923640952,-8.6757689491557,-14.5281486681243
109,110,0.000265,0.001033,0.0,0,1,17.8726543446503,-56.0240202325113,-17.8631928985166,56.0609020206476
75,112,0.000896,0.007283,0.02228,555,1,-53.9764922687866,76.0209243695592,54.0574440064739,-77.5364186066465
110,112,0.00027,0.001137,0.0,0,1,26.5389618476698,-41.5327533525219,-26.5321973235514,41.5612395151983
87,114,0.003551,0.020257,0.008,220,1,32.9775646561439,41.2135838409652,-32.8744117932059,-41.393638328483
111,114,0.006275,0.142267,0.0,94,1,-1.4810575808801,-30.1606246184512,1.54736454152441,31.663938143548
107,115,0.00779,0.041605,0.02994,228,1,-6.29921320822018,-4.98769182997182,6.30347768157147,2.14251945531664
113,115,0.002558,0.070574,0.0,92,1,6.30465889253738,2.17510850250291,-6.30347768157154,-2.14251945531647
106,116,0.002196,0.013554,0.02437,238,1,-16.6288550680585,-8.99637374094823,16.6365341485182,6.687041323262
113,116,0.028821,0.125958,0.01406,113,1,-1.75767284895385,-2.35346428224433,1.75943799835639,1.00317009336249
67,118,0.000179,0.013157,0.0,697,1,-52.0885888001422,-79.8417919153642,52.1058212660798,81.1084262971579
109,118,0.001715,0.013153,0.01153,232,1,51.9204908789146,5.04361902252455,-51.8722028375163,-5.7881869962527
111,118,0.002292,0.030299,0.45644,1114,1,1.48105758088,30.1606246184519,-1.41664230580958,-74.0994663040381
113,118,0.033579,0.095667,0.00671,63,1,-4.54698604358355,0.178355779741681,4.55428113111419,-0.804618443760354
117,118,0.00662,0.179715,0.0,63,1,3.37204851591277,0.437635166150955,-3.37125725386819,-0.416154553108531
65,119,0.000269,0.001119,0.0,0,1,18.3981354061568,7.6989588654575,-18.3970311998049,-7.69436553122776
116,119,0.000258,0.001012,0.0,0,1,-18.3959721468729,-7.69021141663617,18.3970311998052,7.69436553123894
69,120,0.00074,0.03404,0.0,342,1,-29.6167304744092,1.91528204507881,29.6234560505786,-1.6059055412863
105,120,0.002538,0.013945,0.01584,267,1,-19.5344174531461,5.59411950845027,19.5454703340892,-7.06792461865699
109,120,0.000227,0.001035,0.0,0,1,-119.093226397504,34.8934102329719,119.129320719873,-34.72883920367
117,120,0.002959,0.020981,0.00877,186,1,-9.73486621637684,-1.52948998777519,9.73780243550224,0.701493677862594
124,126,-0.000242,-0.005961,0.0,124,1,-105.137218451654,29.3434096121579,105.108093806727,-30.0608146055663
125,126,0.018,0.10807,0.01467,98,1,4.24103006292625,-2.70937612786082,-4.23704592000476,1.27853194389884
124,127,0.000224,0.001167,0.0,0,1,109.250340714933,-29.6907582985841,-109.221340822473,29.8418425597464
125,127,0.000247,0.001144,0.0,0,1,-4.24103006292879,2.70937612784813,4.24109323564054,-2.70908353844631
123,129,0.007699,0.041021,0.01442,179,1,-56.3786636652263,-15.2948933216407,56.6478101688705,15.3146153458693
127,131,0.00101,0.00766,0.00402,310,1,195.237856278149,-39.5010312707523,-194.833311152645,42.1706293268311
129,131,0.000225,0.001163,0.0,0,1,-111.790224286488,-25.9275748295826,111.82011121025,26.0820570177365
129,132,0.000202,0.001104,0.0,0,1,55.1424141176229,10.6129594837372,-55.1359893748881,-10.5778460382955
132,133,0.000203,0.001189,0.0,0,1,54.1007606164343,8.30610586814826,-54.0946235995545,-8.27016048356646
128,134,0.002636,0.161048,0.0,75,1,27.3109074312842,6.30763500770768,-27.2898067438714,-5.01847586261981
127,136,0.003194,0.019849,0.01173,255,1,42.6800417487855,1.34371183751866,-42.6211665267795,-2.13736501560481
128,136,0.002487,0.007955,0.00073,135,1,-7.94543691634403,-30.8836809862656,7.97114869120861,30.8940802339482
134,136,0.007972,0.198507,0.0,49,1,-22.2611247060639,-4.86383455440854,22.3041595774489,5.93542552455572
135,137,0.006429,0.029478,0.00417,133,1,18.43967384176,-6.27846663200948,-18.4152713849547,5.97604587980544
133,138,-0.000279,-0.011566,0.0,243,1,0.0,0.0,0.0,0.0
131,139,0.000268,0.001032,0.0,0,1,50.7467145514422,-45.6568252362366,-50.7341325173481,45.7052754570765
135,139,0.001219,0.069794,0.0,106,1,-6.02488756142399,-0.0863994366156036,6.02533329295952,0.111919852358651
134,140,0.009687,0.045565,0.02124,179,1,-62.3033257408407,-21.1746786167572,62.7351787419905,21.129741445619
136,140,0.009601,0.044245,0.00335,136,1,36.8770534330901,-15.0441677565633,-36.7232036787994,15.4215094552561
137,140,0.00021,0.00115,0.0,0,1,23.8860480377396,36.8335433433029,-23.8819770745623,-36.8112499735227
135,142,0.00028,0.001021,0.0,0,1,2.4211987993529,7.29020013668783,-2.42103239664924,-7.28959336111484
141,143,0.059151,0.147507,0.00341,50,1,3.9243915895882,-2.27193070536428,-3.91261752663364,1.96147677186905
139,144,0.005638,0.149358,0.0,102,1,-1.16801961902526,-8.09433642039389,1.17191173398502,8.19744364035854
135,145,0.0004,0.024468,0.0,606,1,-14.8359850796975,-0.925334068084912,14.8368752260427,0.97978432001711
139,145,0.000272,0.001006,0.0,0,1,49.8235339107271,-28.3404283758631,-49.8145361056947,28.3737070224168
141,145,0.000379,0.005107,0.16404,1149,1,32.8764795705165,11.0572679280121,-32.8709588123183,-27.2985701744336
142,145,0.001785,0.00831,0.0053,241,1,-42.6666946826829,4.48636714936661,42.6998320521645,-4.85846089491781
139,146,0.000172,0.011192,0.0,1063,1,-11.2492849520706,-9.49527904142825,11.2496602347724,9.51969859955655
144,146,0.002564,0.012395,0.00155,119,1,-1.1719117339855,-8.19744364035811,1.1736493304475,8.05172051078817
139,147,0.003765,0.14465,0.0,107,1,3.84686159250689,-1.17181008038072,-3.84624857550864,1.19536198178748
142,147,0.002762,0.014139,0.03447,263,1,7.10848197615464,-15.7491179138506,-7.10159347027627,12.3561458272593
143,147,0.000765,0.009347,0.19833,1035,1,-3.66188229348035,-4.32821066952016,3.66222242693501,-15.4379399923418
141,148,0.00216,0.01479,0.00252,221,1,-42.5533854081138,34.310647757233,42.6183908902112,-34.1154191744319
131,149,0.000578,0.014256,0.0,144,1,28.6153093005322,-23.7360312386262,-28.6072599489118,23.9345633436436
137,149,0.004642,0.019997,0.00242,131,1,-33.4375556945607,-4.33104154819243,33.4905887075997,4.31832486409333
141,149,0.002285,0.025601,0.89725,1213,1,17.2785604504039,-52.5832918010465,-17.2702724778839,-36.8123517743605
136,151,0.000249,0.001121,0.0,0,1,-56.948252695472,-0.0246267999902003,56.9564359646289,0.0614679434633544
148,151,0.000257,0.001109,0.0,0,1,-8.88295822899548,17.6764460152771,8.88397682663736,-17.6720505880987
143,152,0.000244,0.001181,0.0,0,1,7.57449982011059,2.36673389765027,-7.57434575111294,-2.36598817844445
146,153,0.000626,0.033704,0.0,504,1,-29.2215196826611,-22.814174661263,29.2304904343238,23.2971622236263
148,154,0.00904,0.033685,0.00375,128,1,19.3245635473474,9.95897499249652,-19.280954534708,-10.1648430951557
154,155,0.022562,0.048604,0.00113,58,1,12.0618986516601,7.1430394735487,-12.0163429011557,-7.1546221489381
150,156,0.001888,0.010578,0.00918,196,1,4.00086277673167e-06,-0.923288309163862,-3.5170855487439e-13,5.70542183475492e-14
149,157,0.006641,0.152543,0.0,35,1,-22.5978116657137,5.01526434957852,22.6334304374907,-4.1971052917282
150,158,0.003762,0.027188,0.02565,231,1,-59.2972061212812,25.1395500287297,59.4548577572355,-26.5676097444722
151,159,0.000261,0.001022,0.0,0,1,-65.8404127912647,17.6105826446465,65.8526949937536,-17.5624891161269
157,160,0.000524,0.003415,0.00737,225,1,-22.6334304374912,4.19710529172932,22.6362578049069,-4.90677679001671
153,161,0.000238,0.00113,0.0,0,1,-7.93174469250746,-9.35049417098545,7.93211169271884,9.35223665098063
153,163,0.0098,0.05596,0.00841,98,1,-21.2987457418107,-13.9466680526211,21.3627612192053,13.4840328988857
155,163,0.00178,0.07699,0.0,214,1,-30.9155699277857,-18.0813848721371,30.9392354278254,19.1049842249772
130,164,0.006217,0.025633,0.00787,112,1,2.5671432324945e-13,6.8183571275817e-13,9.52562953525403e-06,-0.778632228029694
160,164,0.0012,0.014,0.306,0,1,38.2547018700049,-23.4028822052248,-38.2360909798629,-6.63118130712977
162,165,0.000234,0.001,0.0,0,1,-16.6682778976945,8.18462045492436,16.6690890979462,-8.18115378718206
163,165,0.000203,0.001165,0.0,0,1,21.5294968492674,-6.56657781517826,-21.5284627046375,6.57251268460578
146,166,0.003815,0.13186,0.0,93,1,-7.86260272370839,5.20164973494914,7.8660091460815,-5.08391163426268
159,166,0.005702,0.022918,0.00326,132,1,-9.46949607661316,12.3952264480855,9.48378330352069,-12.6588297149085
136,167,0.000214,0.011355,0.0,1050,1,32.4170575204997,-19.6233461863533,-32.4139435315227,19.7885767696854
159,168,0.004415,0.037802,0.06433,553,1,-63.1564560621758,3.75173330982556,63.3370101321159,-8.55867250751152
160,168,0.000203,0.001082,0.0,0,1,-109.399334106151,14.7546683030333,109.424374897135,-14.6211996535492
162,168,0.007576,0.036613,0.00622,133,1,-29.050815553077,15.0047793527282,29.1329583205601,-15.2244170878972
137,169,0.000497,0.026028,0.0,610,1,27.966779041771,-38.4785476749266,-27.9554672859194,39.0709468324827
162,169,0.048565,0.130409,0.00241,57,1,24.2289077947493,-15.9577855628734,-23.8198114679238,16.8142558758338
161,170,0.000248,0.001177,0.0,0,1,-9.98835513656424,-10.343343375901,9.98888090291027,10.3458386460191
142,171,0.0005,0.014276,0.0,891,1,23.2245998591999,13.5807864392624,-23.2209543855046,-13.4767008743137
162,172,0.02934,0.096118,0.0026,82,1,21.4901856560242,-7.23161424474941,-21.3390801987413,7.46781882635661
169,172,0.010257,0.053341,0.00833,143,1,-26.4263019501878,21.7086147847894,26.5464766807301,-21.9209469982268
163,173,0.004804,0.01887,0.0016,147,1,78.6741628293253,-21.6331949800724,-78.3527344549574,22.736568617238
121,174,0.001357,0.006816,0.00166,175,1,57.181982875734,-24.9609463676496,-57.1280570274307,25.069208995358
122,174,0.01348,0.05591,0.00949,221,1,-24.0795874803747,16.0162083719875,24.1953037363452,-16.4722294877071
166,174,0.001357,0.006871,0.00212,178,1,-17.3497924495998,17.7427413491793,17.3583498859623,-17.907474552148
170,174,0.003111,0.022071,0.01329,241,1,-9.9888809029044,-10.3458386459986,9.99506195259542,9.08995128927002
167,175,0.002388,0.011404,0.01649,203,1,32.4139435315238,-19.7885767696827,-32.3799580539159,18.3141687717952
171,175,0.015265,0.07611,0.00757,121,1,-9.67515593171404,-1.86023973861847,9.68994999972341,1.18358211882352
124,176,-0.000316,-0.007265,0.0,150,1,0.0,0.0,0.0,0.0
173,177,0.004548,0.130182,0.0,89,1,14.9743720559234,-10.6604547977486,-14.9589336009422,11.1023652960707
175,177,0.018055,0.074966,0.00637,139,1,12.7916767644708,-22.068238962395,-12.6760089379639,21.9063224167467
124,178,0.012719,0.446071,0.0,75,1,-4.11312226327625,0.347348686425679,4.1153112261066,-0.270579063129911
127,178,0.00209,0.012428,0.00538,209,1,-152.896499101729,34.7387377311734,153.415771066141,-32.1831591205004
168,178,0.000285,0.001199,0.0,0,1,-205.118718432778,36.5405311294922,205.243935047821,-36.0137426332207
126,179,0.000206,0.016062,0.0,732,1,-10.8710516409193,24.3622844920378,10.8725280013467,-24.2471713794889
127,179,0.00022,0.015583,0.0,791,1,19.9588486616233,-23.7141773192044,-19.9566874554662,23.8672594807841
128,179,0.005583,0.162406,0.0,76,1,-3.26236469018247,-4.76881252824272,3.26428749635463,4.8247457647099
173,179,0.001898,0.114836,0.0,130,1,-5.81883891212113,4.50733693740079,5.81987195776459,-4.4448338660035
122,180,0.001748,0.007837,0.00105,133,1,-21.134566161942,-19.6426400656513,21.1491982125485,19.6038709138177
146,180,0.003144,0.015938,0.00549,194,1,14.3352216266346,-4.75679297527623,-14.3280958106423,4.24630619564869
158,180,0.000271,0.001038,0.0,0,1,-59.4548577572392,26.5676097444592,59.4663946095009,-26.5234206202984
172,180,0.00024,0.001181,0.0,0,1,-2.80740035109885,14.1531300655565,2.80790190204111,-14.1506620169615
173,180,0.002003,0.009981,0.00268,163,1,69.1972013111558,-16.5834507568842,-69.0953989134492,16.82390552779
181,185,0.00605,0.022488,0.00217,152,1,13.5566772867604,5.71736330285909,-13.5439697963233,-5.89465365579513
182,185,0.019554,0.070888,0.01063,136,1,3.09223829582871,-4.68724293573815,-3.08715720275549,3.61054840555527
181,186,0.002593,0.018423,0.00524,191,1,15.0959810184285,8.46025672469997,-15.088374719207,-8.94845265103777
185,186,0.000229,0.001072,0.0,0,1,-15.0876923957926,-8.94525854316723,15.0883747192092,8.94845265103886
182,187,0.000297,0.001163,0.0,0,1,-16.2035184282272,-15.6998208958916,16.2049892744279,15.7055804720914
184,188,0.000236,0.001182,0.0,0,1,59.5097750328969,-11.3861166467509,-59.5013502551439,11.4283119319376
187,188,0.000237,0.001177,0.0,0,1,-59.4928897791914,11.4703287260369,59.5013502551552,-11.4283119319044
181,189,0.000268,0.00104,0.0,0,1,-1.16306901995056,-47.2743527966092,1.16884936411241,47.2967839829089
183,190,0.00326,0.017616,0.00709,206,1,-14.6547084241586,5.4776243465189,14.6625677295028,-6.1667808186346
190,192,0.001099,0.007082,0.00249,211,1,-15.4682648995469,95.7768075026567,15.5688244012761,-95.3839647183351
191,194,0.000285,0.001026,0.0,0,1,30.3700135348401,79.6979601839633,-30.3505144340422,-79.6277634210907
193,194,0.000462,0.027969,0.0,479,1,-3.12495910420083,-45.8168256067019,3.13436784407455,46.3864209433431
189,195,0.003868,0.021104,0.00491,177,1,2.41960221855153e-06,-0.509568086453207,-8.92422529476379e-14,1.4946176307760302e-14
189,196,9.2e-05,0.007777,0.0,1550,1,1.26664969584752,-92.0287055752,-1.25914026122869,92.6634976733593
190,196,0.000151,0.010983,0.0,1055,1,-36.9517368352411,-93.5850914663049,36.9665585979426,94.6631538487611
191,196,0.000255,0.006384,3.64373,4096,1,-43.5911563391072,-105.230478209725,43.6144854544648,-279.571547371586
196,197,0.009793,0.042929,0.00657,140,1,1.11221091569002e-05,-0.691312073460028,-1.95067443361418e-13,-3.36848028311231e-13
193,199,0.001227,0.006726,0.00455,233,1,-1.02384319325213,7.68968772798507,1.02459982695014,-8.15648412220651
187,200,0.000871,0.037256,0.0,285,1,18.2036982802483,-51.5853190281063,-18.1773931020929,52.7104920675559
191,201,0.017751,0.099607,0.0312,205,1,13.221142804262,25.5325180257503,-13.0685154117733,-27.9027646743379
193,202,0.003335,0.018209,0.0076,167,1,21.0257655561815,-4.42841128045171,-21.011004091826,3.72194999680438
200,202,0.009378,0.041292,0.00452,111,1,0.630802741596032,-7.96045519417723,-0.625325820469697,7.5178771917675
183,204,0.000289,0.001091,0.0,0,1,27.3993959874662,-35.7054431638809,-27.3937260332951,35.7268477313572
203,204,0.000266,0.001026,0.0,0,1,-27.3885073211515,35.7469770496254,27.3937260332951,-35.7268477313572
198,205,0.163223,0.30286,0.01346,55,1,1.83612833908737,-3.58602138184007,-1.81731435329013,2.23824010220696
203,205,0.005564,0.021042,0.00346,128,1,3.01540513567158,0.354277722620883,-3.01490040047797,-0.709921399238176
200,207,0.000873,0.005167,0.00283,221,1,17.5465903604953,-44.7500368733831,-17.5271060236465,44.5734367428598
202,207,0.00031,0.005038,0.6395,2313,1,7.37998335078037,-14.057677244622,-7.37873324072208,-52.0886309122371
203,207,0.000289,0.001091,0.0,0,1,42.8136629898488,-11.8313929456034,-42.8081467667431,11.8522171650095
206,207,0.006652,0.022656,0.00764,126,1,9.87277839259315,11.3319463355208,-9.85774855154184,-12.0730145386271
192,208,0.018238,0.080037,0.01041,152,1,-6.49008889307142,-4.98226318811584,6.50118471282517,3.96608169310966
193,209,0.000153,0.011364,0.0,1237,1,21.8310471876788,30.1417004911998,-21.8290262359775,-29.9915952942147
205,209,0.008428,0.029058,0.00435,120,1,-10.2148500418305,-12.0566280266911,10.2347828642377,11.6740750888504
206,209,0.000391,0.00481,0.11121,1094,1,-9.69617534200467,-19.8920013042499,9.69727673105448,8.32845744968102
194,211,0.012459,0.032715,0.00061,63,1,27.2161465899725,33.2413424777572,-26.9992357229804,-32.7356549666747
203,211,0.0001,-0.001371,0.0,496,1,-18.4405608043698,-24.2698618266626,18.4414596230261,24.2575390228841
205,211,0.000208,0.001128,0.0,0,1,-27.5451250960429,8.14034052777809,27.5467860999729,-8.13133277569647
206,211,0.056677,0.159274,0.00582,55,1,1.40696307167473,1.47859190024774,-1.40415582900093,-2.07404347537667
210,211,0.000281,0.001173,0.0,0,1,46.9537401578012,-6.11453483130626,-46.9476422299414,6.13998988247881
209,212,0.004721,0.018216,0.00293,185,1,5.38611503710987,17.7214914081422,-5.37032167818591,-17.9647524003846
210,213,0.020922,0.087408,0.00831,153,1,1.02790929847756,-0.96763156531392,-1.02763664139881,0.110001846368909
213,214,0.050711,0.135682,0.00584,69,1,8.95554081650051,-0.422043739230476,-8.91618751046599,-0.0738179796734975
183,215,0.002609,0.011236,0.01272,155,1,-11.2946896652068,30.2278188173774,11.3220168777279,-31.4193891724059
210,215,0.008571,0.035218,0.00487,117,1,-4.56426561664084,10.8764408628904,4.57626691048867,-11.3285632733612
210,216,0.007679,0.03215,0.00556,126,1,-3.12583412683437,-1.33506225840721,3.12664195547699,0.763686315339249
212,216,0.000275,0.001045,0.0,0,1,5.37032167817743,17.9647524003538,-5.36938729513694,-17.9612017447999
213,216,0.005388,0.024122,0.00259,161,1,-7.92790417510192,0.312041892861513,7.93119067214946,-0.565132646355164
215,217,0.000272,0.00106,0.0,0,1,-46.8328257944735,35.3391469416468,46.8419501403682,-35.3035888289689
217,218,0.018756,0.051678,0.00221,59,1,2.34911655589993e-06,-0.226670432761241,1.0519557780009999e-13,3.47021836743185e-13
210,219,0.000216,0.015128,0.0,953,1,-49.0602790878893,-7.4827391317296,49.0654927766037,7.84789044131993
215,219,0.026647,0.122151,0.02497,222,1,-3.53492807814021,0.821039562572662,3.53932061096766,-3.35910505403354
217,220,0.00421,0.019221,0.00564,163,1,0.839274403950643,2.34771463030047,-0.838960064831811,-2.92442842148601
219,220,0.05138,0.141842,0.00428,63,1,2.516791732288,-1.70474125869803,-2.51250111237898,1.27843364474636
217,221,0.000297,0.001053,0.0,0,1,-44.7801646938909,54.5068657851977,44.7945748753551,-54.4557751418246
220,221,0.002674,0.012732,0.00235,217,1,-5.30033932413903,0.198483873791167,5.30107520380406,-0.435771879737002
193,222,0.00028,0.00102,0.0,0,1,-24.3780125213724,10.3538496693457,24.3799092411555,-10.3469401901358
215,222,0.001573,0.09848,0.0,25,1,-1.27203074631212,-4.72281526994132,1.27239747582883,4.74577491571723
202,224,0.052317,0.101158,0.00852,54,1,8.89611134932604,0.44061059271946,-8.85573948764989,-1.24023544793363
214,224,0.001113,0.013961,0.1931,1071,1,-29.7077747560335,-5.94039058986572,29.7175272316759,-13.727424955555
223,224,0.000223,0.001192,0.0,0,1,-29.365102832795,-6.91820857750268,29.3670842543743,6.92879985338839
219,225,0.008624,0.043777,0.00521,144,1,-2.4702419598019,-36.4282840271549,2.58100613225598,36.4491886210227
199,226,0.004026,0.124916,0.0,110,1,-1.02459982695064,8.15648412220357,1.02722973074505,-8.07488524928185
217,226,0.002532,0.088172,0.0,108,1,-2.90106219954914,-21.3243211537687,2.91307477647479,21.7426358981167
219,227,0.000272,0.001121,0.0,0,1,-52.651363160063,33.6442398985591,52.6617446118577,-33.6014545770082
224,227,0.000994,0.053864,0.0,239,1,-31.6179032271221,2.91163473821277,31.6276833319079,-2.38165932153054
206,228,0.029184,0.120888,0.01793,125,1,-1.58356612226292,7.08146306848139,1.60228719643994,-8.85271122315567
209,228,0.003314,0.115614,0.0,85,1,-3.48914839642484,-7.73242865246216,3.49152442743016,7.81532015778678
221,228,0.000859,0.008601,0.04096,643,1,-11.1092026630068,15.3353096309188,11.1127850181761,-19.4910610390509
192,229,0.000261,0.001067,0.0,0,1,-11.4993351904089,93.6474758368311,11.522155056941,-93.5541854246099
216,229,0.010122,0.052053,0.01574,262,1,-5.68844533248023,17.7626480758487,5.72538333916449,-19.1864710337124
225,229,0.000235,0.016174,0.0,485,1,-2.58100613225623,-36.4491886210241,2.58413014203334,36.6642002556391
221,230,0.000357,0.022432,0.0,551,1,-46.6637115597767,37.6855298849795,46.676245177859,-36.897983328052
208,231,0.012694,0.056486,0.00501,128,1,4.5991281478955,3.31821382071299,-4.59493627556064,-3.81313811241034
227,231,0.007406,0.029003,0.00321,120,1,1.51441145691388,-0.683172320366497,-1.51422581402996,0.355687099197531
229,231,0.002861,0.020762,0.01694,249,1,-10.8663230117321,-14.4475023072344,10.8748442984935,12.7825307506468
226,233,0.000235,0.0012,0.0,0,1,-34.6179817890913,-18.2271491623113,34.6215279668875,18.2452573042492
229,233,0.000218,0.001148,0.0,0,1,23.7299167570235,52.1787930397109,-23.722868250276,-52.1416752151873
230,233,0.000192,0.015336,0.0,576,1,56.8030344091053,-21.8780252403115,-56.7959792733402,22.4415542095438
224,234,0.010647,0.051805,0.01387,162,1,-18.6109687712703,5.12722581192754,18.6505005660515,-6.35469439610976
232,234,0.015284,0.06637,0.01259,148,1,11.2337366686022,-4.60213197697413,-11.2124940189331,3.40802269767976
184,235,0.002957,0.081401,0.0,112,1,-5.7530929018792,12.4362409332575,5.75849180438585,-12.2876186596883
230,235,0.000228,0.001017,0.0,0,1,5.75890808769979,-12.2857618169917,-5.75849180438172,12.2876186596868
227,236,0.000443,0.025926,0.0,401,1,-42.9856141123841,22.5386610682892,42.9958211647571,-21.9413065765901
228,236,0.012369,0.042096,0.02844,229,1,-28.0891773103452,19.7434279089172,28.2390538604764,-22.1245861571093
182,237,0.007084,0.024569,0.00117,174,1,-3.38281188855264,15.5791066980381,3.40045715676901,-15.63774934567
198,237,0.001856,0.010091,0.00672,231,1,-1.83612833908719,3.5860213818374,1.83647013691967,-4.27030641821189
227,237,0.00019,0.003167,0.33286,2580,1,-46.2312397748592,13.3565003672168,46.2369259223782,-47.2652653238416
232,237,0.000284,0.001184,0.0,0,1,-18.7886747917401,8.71133357903992,18.7898680714039,-8.70635877931489
184,238,0.000522,0.027044,0.0,327,1,9.79264839736945,-11.9529744346883,-9.79142119389939,12.0165539186853
187,238,0.003994,0.017061,0.00223,148,1,11.207204154824,15.8495550334009,-11.1924273812151,-16.0150465218808
232,238,0.008688,0.032841,0.0052,248,1,7.55493812313482,-4.10920160208785,-7.54882273401425,3.60119319614403
234,238,0.021602,0.061305,0.00469,56,1,-7.43800654711804,2.94667169843067,7.45183747670511,-3.38689657795774
229,239,0.003104,0.015199,0.02323,287,1,-32.6952622834198,38.345165470255,32.7756317914158,-40.3008058558582
230,239,0.002428,0.009685,0.00146,134,1,25.6811246437586,4.07076187502449,-25.6648305228301,-4.1528365497048
184,240,0.000224,0.001109,0.0,0,1,1.29118651905445,-14.9390258178314,-1.29069676265817,14.9414505492754
189,240,0.001846,0.010702,0.00364,186,1,-10.9278128359579,44.3492488378242,10.9652216772928,-44.5084731694478
208,240,0.000392,0.002601,0.00136,283,1,17.2663600906569,-21.5370399990137,-17.263465141438,21.4164142654506
231,240,0.006928,0.029269,0.01219,219,1,-7.57987259698942,-9.36250082967196,7.58894022680604,8.15060835474172
243,244,0.00023,0.001023,0.0,0,1,-11.7837935828236,-87.742516844603,11.8030331116129,87.828090922653
242,245,0.003173,0.020069,0.01275,184,1,16.453845757247,4.9317100691766,-16.444391047332,-6.16135597970047
247,248,0.002502,0.014625,0.09732,247,1,-4.49005324252728,-66.0275052172147,4.59087975998353,57.3616356258557
249,250,0.002508,0.109257,0.0,258,1,73.5869281976325,-19.2812468708651,-73.4326722638434,26.0011593740526
249,251,0.048048,0.121685,0.00333,59,1,1.25373022948457e-05,-0.313337624203131,2.0366212274501903e-15,8.61447932961845e-14
242,252,0.00659,0.015548,0.00085,67,1,-16.453845757247,-4.93171006917731,16.4730132248151,4.89067328507342
246,252,0.005934,0.034612,0.00573,231,1,101.537617851359,-17.2588417927994,-100.918453576162,20.2880539684603
247,255,0.000536,0.003369,0.00319,277,1,3.176994785442,65.7778931938198,-3.15220209122432,-65.9218026193355
248,255,0.000479,0.029796,0.0,483,1,-4.59087975998353,-57.3616356258557,4.60844842920721,58.4544875427398
246,256,0.000684,0.039755,0.0,329,1,-111.075778327045,-35.9284434416433,111.176966871275,41.809657733801
249,256,0.000118,0.008665,0.0,1087,1,-178.569193134212,68.4199852255109,178.613916666223,-65.1358377265354
253,256,0.000209,0.001099,0.0,0,1,627.399077624288,-53.5042913274947,-626.531426760829,58.0667233798466
254,256,0.000165,0.009413,0.0,856,1,35.6014432096904,-0.483845681411824,-35.5992499439691,0.608968167678392
250,257,0.012121,0.059336,0.00333,134,1,60.8760554861081,-27.1930133364635,-60.3310352736566,29.5293429094352
253,258,0.001567,0.062838,0.0,370,1,51.8236369700416,7.60207844562831,-51.7786242879395,-5.79703255033364
241,259,0.001072,0.007184,0.00693,238,1,-55.0425016525613,-26.5663861718464,55.0851976055791,26.2038061478368
255,259,0.000599,0.037513,0.0,588,1,-32.0564132841697,-0.846989404344291,32.0629843589516,1.25850981885288
253,260,0.00023,0.001063,0.0,0,1,216.670391999859,25.6867256313727,-216.555747754904,-25.1568698383852
255,261,0.014499,0.064284,0.03806,208,1,-38.0833042951947,-3.23584749455735,38.3079586226478,0.638314216881005
259,261,0.002342,0.014004,0.00681,251,1,-91.7096735484097,-28.5816842396887,91.939474511201,29.3123883794412
258,262,0.009526,0.042595,0.00328,112,1,2.42160859073581e-06,-0.309980236970544,1.18012956571653e-14,3.45190940870795e-13
254,263,0.000298,0.001049,0.0,0,1,-35.6014432096845,0.483845681414577,35.6054043805022,-0.469901828435336
260,263,0.000231,0.001185,0.0,0,1,81.1017523468562,-30.9148931034201,-81.0835026237274,31.0085118129765
260,264,0.000148,0.006464,0.0,442,1,119.192074104489,50.8363611900037,-119.166012336449,-49.6980958615819
253,265,0.00028,0.004454,0.47881,3129,1,324.60689077146,-79.8645113784088,-324.288451855609,39.116706370687
256,265,0.001592,0.040015,0.0,312,1,18.6930243439239,-6.75937113048794,-18.6864285252692,6.92515736382199
255,267,0.006284,0.027816,0.0044,147,1,87.850687302647,-11.7729093865512,-87.3243463077356,13.6911562988487
257,267,0.159405,0.385392,0.00833,53,1,-11.0058281715034,14.247322640805,11.5387955288081,-13.7664008489152
267,268,0.000268,0.001074,0.0,0,1,177.073223975823,0.428295363092929,-176.983203333048,-0.06754099615085
265,270,0.012898,0.052979,0.00409,129,1,118.040054905901,-1.13980964015059,-116.165101420447,8.45433701204859
268,270,0.000209,0.001077,0.0,0,1,19.0828829169857,-46.087677328116,-19.077306181685,46.116414858828
265,271,0.00592,0.025805,0.00356,119,1,30.5164274694767,-1.65396649243881,-30.4587779677239,1.56450598062387
266,271,0.001947,0.012487,0.00831,215,1,-30.4398514376185,0.892003525911075,30.458777967724,-1.56450598062387
263,273,0.00274,0.028727,0.38594,1108,1,45.4780982432151,-30.5386099845564,-45.4144615387686,-5.69893202454885
264,273,0.00027,0.01617,0.0,1027,1,40.9892113312122,-37.1625366059261,-40.980480687429,37.6854051613875
265,273,0.000295,0.001079,0.0,0,1,179.076698198532,-49.0828202612846,-178.970592077676,49.4709168863812
266,273,0.002927,0.022244,0.011,217,1,-43.9784142279086,-2.74776173834527,44.0378505410945,2.14704758450789
272,273,0.000903,0.006125,0.04341,234,1,-198.768679778329,89.9366706881166,199.217153064258,-91.0720981752053
261,274,0.000535,0.03353,0.0,176,1,37.4774564091008,15.7030046985382,-37.468283188462,-15.1280923844878
266,274,0.002238,0.012235,0.00743,235,1,92.7281197848573,-5.8779935768861,-92.5258815395752,6.2751142224246
267,274,0.007043,0.031808,0.01828,255,1,-117.504589806919,-1.87102284894162,118.546424750945,4.8526767327106
272,276,0.000108,0.009152,0.0,1064,1,39.1105056735361,-27.7387904000112,-39.1077390579941,27.9732354503852
275,276,0.001251,0.007599,0.00468,215,1,-16.540076578825,30.4751325337975,16.5568434384351,-30.7966475648875
269,278,9.1e-05,0.006055,0.0,1485,1,-79.3748403506536,89.6595132176269,79.3874316695909,-88.82170622677
272,278,0.010303,0.066004,0.04766,300,1,159.658174104791,-62.1978802881054,-156.556986893326,77.3187165518041
277,278,0.001126,0.004502,0.00578,195,1,-29.7070791401892,-9.9141635474771,29.7177992679669,9.3646378331974
261,280,0.04925,0.111344,0.00269,78,1,9.05769246310004,-0.676562187779017,-9.01504818706632,0.518176899822501
275,281,0.001786,0.055273,0.0,85,1,5.46681710443054,-7.4663181273018,-5.46513042033117,7.51851750592677
279,281,0.003058,0.017707,0.00622,231,1,8.91522209925173,-17.3418092399966,-8.90276266480772,16.8466436411613
275,282,0.001476,0.008302,0.00675,252,1,8.34435382878436,-15.2079495828159,-8.33960559118922,14.6218531907923
276,282,0.025394,0.06629,0.00329,57,1,1.73282242089295,-5.67995756700269,-1.72336822061713,5.40665016849151
279,282,0.000239,0.001126,0.0,0,1,-8.91522209924787,17.3418092400135,8.91622144432175,-17.3371010284939
281,282,0.023903,0.151585,0.01284,184,1,-1.14523819148713,1.53012401359633,1.14675236748021,-2.6914023308084
256,284,0.00041,0.00466,0.15802,1170,1,353.646768823378,-28.590140424293,-353.107185519421,19.6580884871162
261,284,0.000291,0.001082,0.0,0,1,-177.495216305353,-46.7045040038666,177.59829513026,47.0877730366836
275,285,0.016387,0.088028,0.02848,169,1,2.72890564560988,-7.80086482368189,-2.71990149952282,5.25172291641707
280,286,0.013213,0.053533,0.01911,164,1,-7.33621744517205,-2.39672946052539,7.34406843047651,0.622286141567397
283,286,0.000244,0.001108,0.0,0,1,0.0,0.0,0.0,0.0
284,286,0.012812,0.056054,0.00442,139,1,15.4634794864243,1.73755240277667,-15.4308233391994,-2.01457646921485
285,287,0.00489,0.010579,0.00092,69,1,2.71990149952227,-5.25172291641654,-2.7180604841658,5.17127084745284
255,288,0.003905,0.017418,0.01201,205,1,-28.8829084819885,21.2255085091285,28.9374369394325,-22.1049244842407
280,288,0.021983,0.065824,0.00217,55,1,13.4757351787947,4.0588340237402,-13.429385558012,-4.12354203844588
281,288,0.00051,0.03345,0.0,354,1,15.5131312766263,-25.8952851606836,-15.5080513814209,26.2284665226842
284,290,0.000231,0.001107,0.0,0,1,160.045410902737,-68.4834139265631,-159.971957195688,68.8354193538485
258,291,0.002158,0.010132,0.00123,108,1,33.2399062917452,-0.358343699591792,-33.2146737234853,0.360658017352516
280,291,0.001234,0.007167,0.00673,259,1,2.31463071221754,-2.52614240202596,-2.31449682541886,1.89191915258513
289,291,0.000216,0.001067,0.0,0,1,0.0,0.0,0.0,0.0
243,293,0.024203,0.118766,0.48473,276,1,-7.31454603894287,-23.9929178000811,7.32879285407722,-21.5158567990258
291,293,0.000254,0.001125,0.0,0,1,17.6435927392076,-2.28607298409371,-17.6427407789696,2.28984643002964
292,293,0.004362,0.136611,0.0,97,1,-10.2919436679315,-18.5368715456685,10.3139479248901,19.2260103689996
244,294,0.00038,0.025559,0.0,531,1,-28.7537961514528,-90.2187410659714,28.7928617620524,92.8463145957472
243,295,0.000241,0.001064,0.0,0,1,-49.322057102655,116.267343711468,49.3630852160207,-116.086207144575
294,295,0.001402,0.007724,0.00673,205,1,62.3513327248574,-111.55317952774,-62.1032769037205,112.295953465754
246,296,0.023186,0.099425,0.00808,144,1,0.461072590416867,48.9921909226409,0.0961192802645349,-47.3847775376683
287,296,0.000284,0.001192,0.0,0,1,105.891531818227,-89.9284098773627,-105.831835638344,90.1789656746175
294,296,-0.000104,-0.003189,0.0,227,1,-106.63886846129,12.1170891975714,106.625835609339,-12.5167215521138
241,297,0.063127,0.129792,0.01108,51,1,0.417327708707532,5.72920079671754,-0.390827412813041,-6.69991600720293
287,297,0.000269,0.001063,0.0,0,1,-103.173471334061,84.7571390299248,103.225703237226,-84.5507356356326
290,297,0.000157,0.011317,0.0,1739,1,102.867239456361,-88.917790351404,-102.834875824413,91.2506516428249
241,298,0.00026,0.001087,0.0,0,1,29.8739168818018,22.8859113860916,-29.8699728307009,-22.8694222186041
295,298,0.021212,0.604113,0.0,150,1,-0.350048463768623,0.159311086663784,0.350082030634175,-0.158355109865336
296,298,0.00333,0.021895,0.00766,220,1,-0.890119251259391,-30.2774665848405,0.922571147567117,29.7812634939406
241,299,0.004671,0.014756,0.00149,84,1,5.52080014330515,1.79308886628344,-5.51910161668285,-1.92675001096746
298,299,0.00529,0.029604,0.00186,136,1,1.63388910814326,0.317403531470659,-1.6337284742157,-0.489994250789985
241,300,0.002505,0.021343,0.06116,490,1,19.2304569187459,-3.84181487725243,-19.2205081599505,-1.78170818016187
292,300,0.005123,0.020859,0.002,130,1,-17.5076685872986,11.8853471190218,17.5322924325549,-11.97202086142
298,300,0.005955,0.016326,0.0015,51,1,20.7691558210971,-7.9912516762869,-20.7376171015237,7.93776544947746
50,72,0.002714,0.092597,0.0,112,1,1.8884569340965,-17.0639290508279,-1.87982555051652,17.3584169746876
27,70,0.00432,0.023198,0.00923,224,1,49.2434253605218,-67.7090032885,-48.9271295558899,68.5186706566024
24,112,0.02467,0.05926,0.00804,221,1,28.0540374296884,-35.4736803901992,-27.5252466829247,35.9751790914434
25,70,0.000677,0.043839,0.0,295,1,-78.648563856361,-49.0474746027046,78.7110508060534,53.0938045695645
108,178,0.01945,0.08572,0.0399,187,1,78.0510850954568,-27.347883777792,-76.6996823422802,29.3974817276206
90,128,0.006236,0.176979,0.0,322,1,59.8665689898836,-5.02798967704592,-59.6319619573016,11.6861869219681
61,121,0.017743,0.088713,0.023,232,1,57.8982221842117,-23.6044724051839,-57.1819828757324,24.9609463676662
66,163,0.003309,0.030399,0.04798,501,1,187.830142030248,-14.0093314655212,-186.654213929164,20.0356944916694
177,181,0.008079,0.028642,0.00415,132,1,27.6349425389058,-33.0086877128168,-27.489589285245,33.0967327690556
169,237,0.000923,0.005138,0.02592,243,1,70.362264277461,-77.9681784539088,-70.2637212874715,75.8796798670632
163,208,0.0185,0.119429,0.12398,242,1,34.1485576035396,-24.4249388202399,-33.8696125585763,13.689944853894
150,239,0.000209,0.001149,0.0,0,1,35.3264818801267,-31.2461568677126,-35.3218596437954,31.2715681095532
196,269,0.000373,0.023093,0.0,459,1,-79.3219149132888,92.9362079229246,79.3748403506541,-89.6595132176234
230,270,0.001418,0.05451,0.0,182,1,-134.919312318427,66.9910085103361,135.242407602132,-54.5707518708831
236,257,0.001467,0.008831,0.00322,196,1,-71.2348750252335,44.0658927336994,71.3368634451597,-43.7766655502401
184,252,0.017407,0.085443,0.08734,242,1,-83.1508448100309,22.6026952449294,84.4454403513474,-25.1787272535309
266,27,0.011658,0.059145,0.0159,181,1,-18.3098541193305,7.73375178932535,18.3595895666343,-8.99524802411804
243,21,0.015503,0.041411,0.0043,150,1,68.4203967244252,-4.53190906676947,-67.6427071298502,6.2099329042673
264,53,0.00024,0.014621,0.0,1074,1,303.376797109688,61.8606338007506,-303.13376542504,-47.0549410455983
249,41,0.002236,0.01292,0.02094,221,1,104.982252399276,-48.8254007304423,-104.665933927033,48.6747044851601
