from_bus,to_bus,resistance,reactance,susceptance,line_rating,line_status,P_from,Q_from,P_to,Q_to
2,5,0.0020528701731713,0.153792095130661,0,254.971824093551,1,-16.7360167686652,0,16.7360167686652,0
3,5,0.130893102932423,0.451068711111943,0,58.6473052064284,1,5.96697197806496,0,-5.96697197806496,0
4,5,0.0764715426878431,0.177004238301169,0,132.926698640868,1,10.7690447906002,0,-10.7690447906002,0
6,8,0.128020148343236,0.0974344370011279,0,128.33210471976,1,6.05755803762384,0,-6.05755803762384,0
3,9,0.330412800098121,1.02208611825971,0,21.1861207388514,1,3.23606359622154,0,-3.23606359622154,0
7,9,0.0517061222026823,0.129648566474132,0,7.67718643896958,1,-5.71222359942267,0,5.71222359942267,0
3,10,0.0001508812957999,0.0180465246169775,0,106864.042915275,1,7.24784763672541,0,-7.24784763672541,0
11,12,0.0060483394050406,0.187799736759968,0,335.145338757551,1,-29.4619667039993,0,29.4619667039993,0
7,13,0.0156500203520416,0.0387568888904601,0,190.411524465951,1,-10.2667596678623,0,10.2667596678623,0
11,13,0.0173476766620757,0.0405758102456408,0,110.146011996527,1,3.8327487766286,0,-3.8327487766286,0
4,14,0.0041260607014373,0.0244080277792585,0,887.487791801853,1,1.57038323895853,0,-1.57038323895853,0
8,17,0.0002094618215351,0.0029865957093773,0,7707.90555128219,1,-578.196206592876,0,578.196206592876,0
14,18,0.0140497507248646,0.0299442295049315,0,127.504718657635,1,-20.1258692265479,0,20.1258692265479,0
16,18,0.0105336790649841,0.0501075795605895,0,135.18660344559,1,19.6923748936681,0,-19.6923748936681,0
13,20,0.0197451010974815,0.153016574122856,0,16.8455649479515,1,-6.43401089123373,0,6.43401089123373,0
11,21,0.0020935046113165,0.0073143908511038,0,279.531566635584,1,-239.688186760738,0,239.688186760738,0
17,21,0.0075873834497795,0.0267694644168193,0,3591.45773949777,1,50.8214782508092,0,-50.8214782508092,0
18,23,0.0004024140826606,0.0572370513810924,0,3.76816183215931,1,-0.433494332879802,0,0.433494332879802,0
20,23,0.0939277831610034,0.38381768261372,0,20.8096000284016,1,-6.43401089123373,0,6.43401089123373,0
16,25,0.0312675634570462,0.0406654505431443,0,125.618115461462,1,-19.6923748936681,0,19.6923748936681,0
24,25,0.0994094387779744,0.0073035411099647,0,605.699071794751,1,-105.935596688217,0,105.935596688217,0
19,26,0.0027396202309652,0.0385867475342113,0,224.371633709287,1,5.63418792554722,0,-5.63418792554722,0
22,27,0.0006632190330916,0.0037454640753445,0,1677.19552778159,1,-193.941531120238,0,193.941531120238,0
19,28,0.183176232033215,0.210735370164059,0,187.995858770817,1,-5.63418792554722,0,5.63418792554722,0
22,28,0.0021781273168269,0.0097118994106492,0,104.343387894336,1,29.9713173097891,0,-29.9713173097891,0
23,29,0.0065351408010759,0.0563717581186118,0,37.699359288604,1,-6.86750522411354,0,6.86750522411354,0
24,29,0.729953537791697,0.567118557124298,0,76.0336383010662,1,1.06130590381565,0,-1.06130590381565,0
22,30,0.0194798692455067,0.0052961444668702,0,654.590043023349,1,-17.0086283338831,0,17.0086283338831,0
27,30,0.0117661117973291,0.0374116520544945,0,1465.17493571436,1,17.0086283215115,0,-17.0086283215115,0
24,31,0.0318437702612557,0.02740610059761,0,643.562090175321,1,104.874290784401,0,-104.874290784401,0
26,31,0.0090857230008779,0.10346489789451,0,343.03693779204,1,11.2001066381477,0,-11.2001066381477,0
26,33,0.3805806668931,0.300964680258743,0,38.2974299516788,1,-5.56591871260052,0,5.56591871260052,0
32,33,0.0913022869278687,0.0902744807134441,0,716.903350803654,1,17.0700695780695,0,-17.0700695780695,0
32,34,0.0066227305843995,0.0517711403414359,0,1927.46527364393,1,31.4403098324935,0,-31.4403098324935,0
12,35,0.0103530566539998,0.298546435443003,0,8.45915221842966,1,3.56168455574041,0,-3.56168455574041,0
32,36,0.0232739178102301,0.201816005147366,0,5.84286613810173,1,3.91455797953941,0,-3.91455797953941,0
35,36,0.164515182414268,0.671240593410267,0,76.0336383010662,1,-0.787523149553192,0,0.787523149553192,0
27,37,5.62504604600467e-05,0.0003652066861084,0,7012.95462440367,1,-2154.24841872797,0,2154.24841872797,0
33,38,0.0013205050356869,0.003792439801452,0,2006.79483058031,1,457.11662114378,0,-457.11662114378,0
34,38,0.0051397782849962,0.0523811072757057,0,2028.21598529373,1,31.4403098324935,0,-31.4403098324935,0
29,39,0.0075926892455886,0.0469984335327296,0,44.1821610020777,1,-5.80619932029789,0,5.80619932029789,0
12,40,0.0906807897732522,0.0454005298511015,0,474.747340122732,1,-33.0236512597397,0,33.0236512597397,0
32,40,0.154439343002465,0.117250929176165,0,129.652339230245,1,-10.6095665276225,0,10.6095665276225,0
15,41,0.0062003284650629,0.0109374761878398,0,977.358474066394,1,74.4979504705963,0,-74.4979504705963,0
35,43,0.0323471363135515,0.209761791288485,0,45.2914427480908,1,-1.21515244641447,0,1.21515244641447,0
38,43,0.0020641523977019,0.0214201953843309,0,564.05409044663,1,-103.212575302672,0,103.212575302672,0
40,43,0.0253906164143019,0.236547595103383,0,136.917727063318,1,9.75586726316876,0,-9.75586726316876,0
38,44,0.003566957033905,0.0009490669913979,0,5820.35807001753,1,-96.0983431000521,0,96.0983431000521,0
39,44,0.0079219496866265,0.0576805357748384,0,1342.00620593355,1,23.4673969703871,0,-23.4673969703871,0
41,44,0.0008557639665462,0.0291459439850917,0,4934.10999570878,1,-17.7642356957544,0,17.7642356957544,0
42,44,0.002181825853101,0.0044913842409995,0,3287.0286383645,1,90.395181825419,0,-90.395181825419,0
22,45,0.0011630034321726,0.0080433112498585,0,1397.5779006922,1,180.978842267907,0,-180.978842267907,0
39,45,0.0119494679453964,0.0325827590545982,0,200.996903918098,1,35.1792353024615,0,-35.1792353024615,0
43,48,0.0466321622790829,0.0373093600234461,0,105.012896037191,1,74.2106872266531,0,-74.2106872266531,0
48,49,0.002147307820138,0.0026230816598497,0,3351.55811036775,1,520.977637674403,0,-520.977637674403,0
15,50,0.002058633059196,0.0121328310670138,0,1426.66488238304,1,-78.5868777711104,0,78.5868777711104,0
21,50,0.0002971939922047,0.011130900423679,0,860.508472286623,1,-188.866708509928,0,188.866708509928,0
42,50,0.000235642638757,0.0026001357406409,0,1729.1628990446,1,-324.808410790262,0,324.808410790262,0
47,50,0.0002617049667547,0.0003853203922682,0,15338.5157103386,1,1820.95898526012,0,-1820.95898526012,0
48,50,0.0003723513967916,0.0043543431930066,0,4125.03319658225,1,-436.269915404956,0,436.269915404956,0
1,52,0.0622478785159573,0.125970259711124,0,76.0336383010662,1,0.0,0,0.0,0
46,52,0.166982235773282,1.36456501419119,0,76.0336383010662,1,0.0,0,0.0,0
48,54,0.0060300123343714,0.127669868716928,0,139.1508630452,1,-7.07693033714347,0,7.07693033714347,0
3,55,0.0005603893216473,0.004392026509031,0,7609.53209336244,1,-20.8992845871813,0,20.8992845871813,0
28,55,0.0075174144157219,0.0160399949972193,0,1706.19396080465,1,24.3371293842419,0,-24.3371293842419,0
36,55,0.082729081475,0.451467925512953,0,3.12703482408691,1,3.12703482998622,0,-3.12703482998622,0
51,55,0.0529020886365013,0.117366511274642,0,4.35705732945048,1,-3.38211208962289,0,3.38211208962289,0
54,55,0.0917729927178931,0.228484014743511,0,35.737107532978,1,-3.18276753742376,0,3.18276753742376,0
25,56,0.0073962322698292,0.318084955372073,0,3.48577197553123,1,3.48577197726352,0,-3.48577197726352,0
9,57,0.0068165226687171,0.150092666993597,0,7.62766094226853,1,-2.47616000320113,0,2.47616000320113,0
39,57,0.0033521408396007,0.0298588682511759,0,205.311080311835,1,113.858490754607,0,-113.858490754607,0
41,57,0.0073016499361516,0.0165649470189745,0,563.675837403147,1,92.2621861663507,0,-92.2621861663507,0
48,57,0.0035163481729957,0.0611277727733904,0,1675.64248105466,1,22.8529536945153,0,-22.8529536945153,0
56,57,0.0341654235424848,0.148175996350781,0,338.39180088628,1,22.9026503610496,0,-22.9026503610496,0
1,58,0.0156485104932935,0.0293361752571881,0,333.131160201163,1,-84.139465444481,0,84.139465444481,0
2,58,0.0163014489038256,0.262177798311317,0,213.974509800628,1,-9.92893529062594,0,9.92893529062594,0
7,58,0.0103295080224241,0.0047893589909346,0,427.246288525963,1,-289.366955966725,0,289.366955966725,0
8,58,1.85627011660111e-05,0.0019560285570264,0,566.783936821965,1,283.401201265289,0,-283.401201265289,0
56,58,0.0279242886875164,0.130181032276488,0,105.416803128106,1,23.9664397289864,0,-23.9664397289864,0
3,59,0.0007767621459658,0.108665868739793,0,76.0336383010662,1,4.44840137616951,0,-4.44840137616951,0
4,59,0.0117698067972102,0.0244710199068697,0,2836.94759327566,1,-12.3394280295587,0,12.3394280295587,0
51,59,0.0057005695846111,0.0526987014473793,0,3.38211208488882,1,3.3821120896229,0,-3.3821120896229,0
56,59,0.0063159679638297,0.146294915313731,0,39.9427561384603,1,6.43310270646305,0,-6.43310270646305,0
6,60,0.001854271983746,0.161851940941459,0,119.039538926822,1,-6.05755803762385,0,6.05755803762385,0
35,60,0.0011557866618372,0.271761804584056,0,21.1760454845656,1,5.56436015170807,0,-5.56436015170807,0
50,60,0.0003734305933766,0.0011332131750726,0,5845.86618796505,1,792.427072783864,0,-792.427072783864,0
53,60,0.0001993456791148,0.0028718211160771,0,1107.97627810532,1,-433.764445362352,0,433.764445362352,0
54,60,0.0221547036485807,0.000316732111844,0,551.58543008446,1,-309.944481665455,0,309.944481665455,0
56,60,0.0149155216388104,0.0955354556542063,0,420.592923629679,1,10.4149054565678,0,-10.4149054565678,0
58,60,0.0005076033601574,0.0350865476273851,0,306.96191566315,1,-60.564041469399,0,60.564041469399,0
59,60,0.0067303825581021,0.0279923368962526,0,2841.28858646101,1,1.92418814269675,0,-1.92418814269675,0
61,63,0.0036952589225531,0.0117219378567718,0,498.303410702278,1,2.90593710713365,0,-2.90593710713365,0
63,65,0.0062209688831787,0.0496453812535713,0,334.329626256768,1,38.8898003217033,0,-38.8898003217033,0
64,65,0.0478849943703533,0.0714796815189396,0,310.766404378675,1,-38.8898003217032,0,38.8898003217032,0
61,66,0.0070985992741298,0.0255632172290098,0,575.798562517061,1,124.000138476569,0,-124.000138476569,0
62,68,0.024558640347436,0.399163763529006,0,3.68783294848062,1,-3.48440766670689,0,3.48440766670689,0
63,69,0.0047252379054135,0.0364901041070415,0,3028.38210075488,1,47.2602880722633,0,-47.2602880722633,0
67,69,0.00072478210137,0.0152849810158783,0,631.005304706835,1,-187.71915329697,0,187.71915329697,0
61,71,0.0143026445974486,0.0991030196223829,0,2846.3431061268,1,41.1220036043138,0,-41.1220036043138,0
66,72,0.0078200917281333,0.108916389947236,0,404.877016046452,1,34.429206641609,0,-34.429206641609,0
71,72,0.0001508079551166,0.036064159767852,0,185.582233250345,1,78.8714518972609,0,-78.8714518972609,0
68,73,0.237070723487285,0.228383578957597,0,9.53853311845631,1,-7.88584969713199,0,7.88584969713199,0
70,73,0.126056118664436,0.419493837167348,0,9.20234216805077,1,7.885849697132,0,-7.885849697132,0
64,74,0.0057708580034696,0.0529690767770955,0,796.473503541041,1,34.031144569919,0,-34.031144569919,0
70,74,0.0128532171314909,0.0279963573888633,0,246.6650894221,1,246.665089399962,0,-246.665089399962,0
72,74,0.0022005645420807,0.0821517161679535,0,805.333694621558,1,-4.53497943725135,0,4.53497943725135,0
69,76,0.0019650413366758,0.0429873756625248,0,1421.19426901809,1,191.350732270963,0,-191.350732270963,0
67,77,0.0051334380132198,0.0474435927299183,0,4106.17980020424,1,18.7576684437351,0,-18.7576684437351,0
68,77,0.0826657502365529,0.174324678368287,0,22.2215121819972,1,4.4014420304251,0,-4.4014420304251,0
71,77,0.0475201037634271,0.151646906784152,0,9.51220320461455,1,9.51220320426776,0,-9.51220320426776,0
70,78,0.0633734210290662,0.0820127462688531,0,156.873876534671,1,63.8297945459976,0,-63.8297945459976,0
75,78,0.0012161979257658,0.0207946011305528,0,72.1424480934566,1,-22.1294148836308,0,22.1294148836308,0
78,79,0.0831796844757001,0.0780223243420346,0,484.199620644536,1,19.7993307467242,0,-19.7993307467242,0
79,80,0.0022278600426283,0.109315227540901,0,2855.94928735988,1,25.7179388394042,0,-25.7179388394042,0
74,81,0.0143190234153059,0.0198993712157657,0,661.640791988536,1,114.747028596747,0,-114.747028596747,0
79,82,0.0068853732029356,0.536610372119515,0,10.9009538725942,1,-5.91860809268004,0,5.91860809268004,0
78,83,0.0690669699496552,0.0300996533000088,0,1328.89670111123,1,21.9010489156427,0,-21.9010489156427,0
69,85,0.0553293834105075,0.107788595211043,0,110.2769512786,1,40.4055911261448,0,-40.4055911261448,0
75,85,0.0017116746328452,0.0351279880360559,0,72.7014716120219,1,22.1294148836308,0,-22.1294148836308,0
76,86,0.0002840580838478,0.003144528265258,0,742.139140394362,1,507.382759524531,0,-507.382759524531,0
80,86,0.0255171633790547,0.0846831139029102,0,942.400077063793,1,27.7182222212446,0,-27.7182222212446,0
74,87,0.0001717401409956,0.0476108595201859,0,148.760904144808,1,6.87751651839258,0,-6.87751651839258,0
82,88,0.0107944340284889,0.0685545008452197,0,1379.91075166866,1,37.1800634484437,0,-37.1800634484437,0
86,88,0.0039397237339657,0.0611408803621108,0,184.411499593699,1,-94.6298691045128,0,94.6298691045128,0
87,88,0.024381135464639,0.195313280900497,0,5.53289422262143,1,-5.53289421073033,0,5.53289421073033,0
81,89,1.03264443861912,0.355889296298324,0,76.0336383010662,1,0.0,0,0.0,0
85,90,0.0009841832385503,0.0192075337951364,0,1135.49650462089,1,16.3259736833085,0,-16.3259736833085,0
82,91,0.0061581569215129,0.0603555126959651,0,3432.86067695743,1,-50.4817775162604,0,50.4817775162604,0
88,91,0.0341650729119816,0.0362500521670444,0,1021.95369213514,1,-154.364309025364,0,154.364309025364,0
87,93,0.0082723161194642,0.0572630625760807,0,214.76289167733,1,12.4104107291229,0,-12.4104107291229,0
84,94,0.0091557264528995,0.0606027868847364,0,154.496006127058,1,-35.6943132462933,0,35.6943132462933,0
85,95,0.0006312533686614,0.0349533357828783,0,284.361872326018,1,46.209032326467,0,-46.209032326467,0
93,95,0.0077884546732291,0.086507371832119,0,1332.72465638393,1,1.66140924657387,0,-1.66140924657387,0
74,98,0.0082707600461248,0.005106975068578,0,561.928597883478,1,-9.43838136341353,0,9.43838136341353,0
90,99,0.000651453239774,0.0055104459757995,0,1209.18293893713,1,140.521440116035,0,-140.521440116035,0
94,99,0.0276707308023186,0.0254596952754627,0,167.392395204668,1,-35.6943132462933,0,35.6943132462933,0
97,100,0.0685676887365892,0.334950302142295,0,32.9438761973626,1,9.83657800971106,0,-9.83657800971106,0
98,100,0.0197785726513702,0.0078242580963328,0,495.437588402953,1,1.19304580941515,0,-1.19304580941515,0
99,100,0.0056137826339814,0.0628717091808158,0,144.253415567708,1,-11.0296237815921,0,11.0296237815921,0
92,101,0.0188786161576598,0.413715517914571,0,76.0336383010662,1,0.0,0,0.0,0
93,101,0.0933416949090536,0.09759884328053,0,149.774838177839,1,10.749001482549,0,-10.749001482549,0
96,104,0.0174659830462275,0.0235160252078863,0,477.303613701915,1,-108.520851237343,0,108.520851237343,0
97,104,0.020026307708035,0.272060817969228,0,61.4728380124885,1,-12.5455270733147,0,12.5455270733147,0
102,104,0.015919499166791,0.0592138159280893,0,5610.98548890559,1,-141.048112391132,0,141.048112391132,0
86,105,0.0055398547639811,0.0300307795773857,0,55.7926134545536,1,-30.4265684426564,0,30.4265684426564,0
96,106,0.0138195126015234,0.127115130426593,0,17.214691682559,1,9.31200819552694,0,-9.31200819552694,0
97,106,0.0040058072850768,0.119060877333894,0,20.7942083098536,1,2.7089490636036,0,-2.7089490636036,0
103,106,0.110627286890408,0.266593753013421,0,76.0336383010662,1,-12.0209572591306,0,12.0209572591306,0
99,107,0.0060825182797955,0.0205108152228568,0,1406.48124292838,1,65.3104552373832,0,-65.3104552373832,0
103,107,0.180484699604766,0.19349885667029,0,76.0336383010662,1,9.30519602521814,0,-9.30519602521814,0
98,108,0.0398963560274843,0.173170667318475,0,41.0644211571433,1,-10.6314271728286,0,10.6314271728286,0
99,109,0.0030442460369499,0.0182491395081388,0,365.596711543675,1,50.546295413951,0,-50.546295413951,0
102,109,0.0219070713769269,0.000894211823552,0,981.899292920259,1,-31.5452493146572,0,31.5452493146572,0
103,109,0.272308462619616,0.523901545623651,0,76.0336383010662,1,2.64057344488266,0,-2.64057344488266,0
103,110,0.711168845405473,1.85858066330266,0,4.42613519292698,1,0.0751877890297712,0,-0.0751877890297712,0
107,110,0.145565911882848,0.21170664054936,0,109.551040367927,1,-7.84482818704122,0,7.84482818704122,0
101,111,0.610739256740387,0.594066612910583,0,76.0336383010662,1,0.160504914854702,0,-0.160504914854702,0
83,112,0.151876108897786,0.683067805554369,0,53.3662977439773,1,6.19606772870942,0,-6.19606772870942,0
84,112,0.005472180026656,0.100897006953748,0,440.944902365137,1,-5.01347382806628,0,5.01347382806628,0
102,112,0.0042661490868188,0.178164958416124,0,907.936972655027,1,9.0672272264162,0,-9.0672272264162,0
105,112,0.0004139404730202,0.0146383362955522,0,290.679602316967,1,-61.3550308465369,0,61.3550308465369,0
110,112,0.0062436652037321,0.0564977279382378,0,1571.44815984498,1,51.1052097194776,0,-51.1052097194776,0
62,114,0.0167379727664588,0.388097405213954,0,37.3872239456113,1,7.62481702541157,0,-7.62481702541157,0
105,114,0.0004821135411039,0.0246657001777185,0,289.841787145666,1,-63.4669102243368,0,63.4669102243368,0
107,114,0.0092394102312711,0.0538178087954141,0,109.765048263749,1,10.3907205154695,0,-10.3907205154695,0
110,114,0.0074979419712154,0.0488435860138859,0,634.136080391323,1,45.4513726834557,0,-45.4513726834557,0
61,115,0.0612027535706789,0.414056901347891,0,11.510089059034,1,11.3450953903691,0,-11.3450953903691,0
110,115,0.0341784621711439,0.19242049432582,0,11.5792594995871,1,-11.3450953903691,0,11.3450953903691,0
80,116,0.0159464495421256,0.178353114575574,0,144.795441545564,1,-2.00028338184035,0,2.00028338184035,0
107,116,0.033814556783568,0.181746348385345,0,201.775749249401,1,1.83977846698565,0,-1.83977846698565,0
111,116,0.0344912973369868,0.909534735494604,0,76.0336383010662,1,0.160504914854702,0,-0.160504914854702,0
63,117,0.0007518286197378,0.0428040754635393,0,1174.70607670976,1,73.6283331617046,0,-73.6283331617046,0
67,117,0.166115665543178,0.203268277486245,0,7.09517403658604,1,-7.09517399996655,0,7.09517399996655,0
108,117,0.0020269742533694,0.138483963205862,0,49.3596485794569,1,-10.6314271728286,0,10.6314271728286,0
110,117,0.041983462460815,0.0660961267472039,0,426.126593854406,1,-55.9017319889094,0,55.9017319889094,0
62,118,0.0606047088382172,0.147571264196674,0,42.8907891739365,1,-4.14040935870468,0,4.14040935870468,0
86,118,0.0105440508149178,0.0363079233746288,0,1955.01218904459,1,-166.612847359199,0,166.612847359199,0
67,119,0.0017308985771912,0.0188818500600204,0,1832.56036995775,1,176.056658853201,0,-176.056658853201,0
113,119,0.0008714509507295,0.0080685298110034,0,535.523626276713,1,-318.711386506814,0,318.711386506814,0
118,119,0.0049328682973553,0.0169765168243258,0,385.148361243361,1,142.654727653612,0,-142.654727653612,0
64,120,0.006983262722132,0.0765734244851042,0,246.080466275873,1,4.85865575178426,0,-4.85865575178426,0
110,120,0.0023555131867033,0.0475710905555816,0,3764.94272917861,1,-37.0793954216662,0,37.0793954216662,0
118,120,0.0095756884329518,0.0011279756486783,0,758.46795922095,1,-366.797069422046,0,366.797069422046,0
125,126,0.0113533142702918,0.132115438833397,0,774.367824942547,1,32.5562986716297,0,-32.5562986716297,0
124,128,0.120728487796838,0.215649230236768,0,96.3100532857411,1,9.2004063285543,0,-9.2004063285543,0
127,129,0.0592829082755314,0.366361605401074,0,24.4115183035422,1,2.95118466690668,0,-2.95118466690668,0
123,130,0.0190453950315816,1.98800392186423,0,76.0336383010662,1,0.0,0,0.0,0
122,131,0.0048608685992771,0.0081145082206604,0,363.003236759376,1,-284.888104632545,0,284.888104632545,0
125,132,0.0001716906676013,0.0021757144201845,0,1275.69710154129,1,-683.498199046283,0,683.498199046283,0
127,134,0.019560353197104,0.0635771636233315,0,857.71651008128,1,33.7134176650938,0,-33.7134176650938,0
129,134,0.0463870287357107,0.359924179162186,0,25.1303153807896,1,2.95118466690668,0,-2.95118466690668,0
130,136,0.0160168216506621,0.12464550650762,0,123.338552495027,1,9.82768887083968,0,-9.82768887083968,0
131,136,0.0027751850391471,0.118868426282651,0,208.439495805408,1,-11.6641839116156,0,11.6641839116156,0
134,136,0.0273360904997445,0.0239622695139253,0,124.960950592829,1,-55.463151612498,0,55.463151612498,0
135,137,0.0138501362795701,0.0601043864349933,0,834.237090980707,1,21.0517087364023,0,-21.0517087364023,0
135,138,0.144641486614922,0.819827662288734,0,8.56285408760271,1,1.69773495774356,0,-1.69773495774356,0
137,139,0.0050992104259667,0.0549977412911793,0,630.806135154394,1,21.0517087364024,0,-21.0517087364024,0
138,139,0.001485962251368,0.0115057186965758,0,310.741641048277,1,89.6290282627642,0,-89.6290282627642,0
131,141,0.0037466562174267,0.0079194607760494,0,420.456944342591,1,173.769930112898,0,-173.769930112898,0
134,141,0.0033320921966155,0.0339118037843678,0,1263.0420800694,1,42.2756734828007,0,-42.2756734828007,0
136,142,0.0416908250983824,0.120588298565764,0,76.0336383010662,1,0.0,0,0.0,0
135,143,0.0032453231755141,0.0399528384712298,0,632.673145201906,1,-22.7494436941459,0,22.7494436941459,0
128,147,0.0019413095234463,0.0201259251090822,0,1196.63210956255,1,-224.481611928585,0,224.481611928585,0
133,147,0.0019394335692168,0.0574736131756339,0,473.918805575729,1,-28.0303258252332,0,28.0303258252332,0
138,148,8.00473031152324e-05,0.0116643123847289,0,327.201122916267,1,-87.9312933050206,0,87.9312933050206,0
141,148,0.000228575148565,0.0058369635938438,0,979.55083751373,1,216.045603595698,0,-216.045603595698,0
143,148,0.0487159373566882,0.0416971273148865,0,1281.67580852614,1,30.5799689192761,0,-30.5799689192761,0
140,149,0.000586943693849,0.00247661556422,0,1142.20481163933,1,-728.666578642234,0,728.666578642234,0
144,150,0.0001973671101997,0.0010799901165767,0,2806.56350912623,1,-1073.84352240145,0,1073.84352240145,0
136,151,0.0172273513677149,0.0532651459778246,0,120.734607852632,1,-57.299646653274,0,57.299646653274,0
143,152,0.0065691233044401,0.0822825250618249,0,88.5872667457393,1,-53.329412613422,0,53.329412613422,0
144,152,2.90301123317339e-05,0.0010939890529463,0,2570.26289393052,1,1073.84352240145,0,-1073.84352240145,0
140,153,0.0027682567336475,0.0040808979131045,0,1791.08229430164,1,-454.186890735624,0,454.186890735624,0
147,153,0.0068079249193929,0.0003661278887804,0,2494.9231247658,1,-252.511937753818,0,252.511937753818,0
150,153,0.0007604570094062,0.0028046022109988,0,826.663200291949,1,600.023384361811,0,-600.023384361811,0
151,153,0.0108295511231016,0.0071331277569256,0,606.433382941567,1,106.67544412763,0,-106.67544412763,0
146,154,6.25786977510989e-05,0.0019522273338991,0,1170.29426436728,1,713.896462970796,0,-713.896462970796,0
145,155,0.0026391281624533,0.0032719958841505,0,2313.09120790816,1,488.128180818046,0,-488.128180818046,0
150,155,0.0005183081644643,0.0014485806446861,0,2345.30608602757,1,-488.128180818046,0,488.128180818046,0
154,156,0.0037108564489114,0.109800871437763,0,34.2585261121776,1,3.73374585021029,0,-3.73374585021029,0
149,158,0.0019836242279768,0.0044513568119126,0,1612.87232367147,1,-441.103051459155,0,441.103051459155,0
150,160,0.0001410926453805,0.0029729897580012,0,2395.76372700616,1,-812.409741987555,0,812.409741987555,0
159,160,0.0010137128544182,0.0027410556239701,0,2206.82684088848,1,812.409741987554,0,-812.409741987554,0
121,161,4.1304280073439e-05,0.0011112743227101,0,4687.76968621235,1,-839.890010150824,0,839.890010150824,0
131,161,0.0018690636224789,0.0118417588767869,0,874.895595370593,1,-363.340806903663,0,363.340806903663,0
133,161,0.0215543880213353,0.203494973142302,0,73.0145934036407,1,-11.4420631546993,0,11.4420631546993,0
149,161,0.0003891203873131,0.0023431688969758,0,358.174193906692,1,-287.563527183079,0,287.563527183079,0
150,161,0.0114487260356599,0.0564861649841856,0,1633.54941754767,1,18.7281317947208,0,-18.7281317947208,0
154,162,0.0001859807354263,0.0017501405783446,0,1206.11764174658,1,710.162717120586,0,-710.162717120586,0
156,162,0.0001584450991205,0.0022703905343184,0,789.015051591885,1,366.860250600033,0,-366.860250600033,0
161,162,0.004759588052243,0.0112557281358156,0,3636.69358236245,1,-1483.50827559754,0,1483.50827559754,0
156,164,0.000283994887145,0.0012773124367059,0,965.392522672632,1,-627.082586186123,0,627.082586186123,0
157,164,0.0015498891488999,0.0005340732871913,0,1619.0054954968,1,770.784817219993,0,-770.784817219993,0
163,164,0.0005740205818975,0.0251553028323697,0,1007.313676451,1,-143.702231033862,0,143.702231033862,0
157,165,0.0006855523123347,0.0014228591874344,0,1961.20830805076,1,-770.784817219985,0,770.784817219985,0
156,166,0.0009722095813773,0.0081867009062636,0,263.956081476875,1,263.956081436308,0,-263.956081436308,0
159,166,0.0141471696363874,0.0366346017001647,0,304.78111085943,1,-263.956081436308,0,263.956081436308,0
163,167,1.1111464245706e-05,0.0017370391099899,0,1821.74777444136,1,-752.322378054593,0,752.322378054593,0
127,168,0.0021970830780096,0.0444393648297501,0,3419.72314863214,1,-36.6646023320004,0,36.6646023320004,0
130,168,0.0225636405630531,0.12401235757937,0,131.512197168927,1,-9.82768887083968,0,9.82768887083968,0
158,168,0.0151385278238195,0.0212800065836339,0,311.887766719883,1,82.8033614375849,0,-82.8033614375849,0
159,169,0.000217839810056,0.0052118593740221,0,3390.42066295603,1,-548.453660551246,0,548.453660551246,0
140,170,0.0003226992956668,0.001063916346476,0,3965.76393296649,1,1182.85346937786,0,-1182.85346937786,0
121,171,0.000634251590203,0.001991616161821,0,1311.15030154779,1,678.865026395921,0,-678.865026395921,0
170,171,0.0008763727287889,0.008199956294128,0,259.617710435699,1,-177.014026860401,0,177.014026860401,0
163,172,8.42356006431095e-05,0.0024954883170657,0,3658.33920461066,1,857.760711513492,0,-857.760711513492,0
169,172,0.0025673962622387,0.0046842521549242,0,3856.46929483715,1,-857.760711513493,0,857.760711513493,0
124,174,0.0065636685556618,0.0926766673740098,0,48.3867619854926,1,3.82185688849608,0,-3.82185688849608,0
124,175,0.334509819909042,1.24457142751046,0,76.0336383010662,1,0.0,0,0.0,0
124,176,0.242277726402675,0.562256319902182,0,76.0336383010662,1,0.158023907614191,0,-0.158023907614191,0
126,176,0.0156590135868312,0.191468409651978,0,336.270264027723,1,21.2351964098101,0,-21.2351964098101,0
174,176,0.0011633424618213,0.18177979064359,0,4.88991347010623,1,-1.45971682503893,0,1.45971682503893,0
174,177,0.0202458308395283,0.0699100362302327,0,66.8930314503116,1,5.281573713535,0,-5.281573713535,0
121,178,2.49333629470148e-05,0.0067483613189825,0,617.337690365006,1,161.024983754903,0,-161.024983754903,0
124,178,0.0512209939003608,0.0934148712031728,0,217.210651978869,1,-13.1802871246646,0,13.1802871246646,0
125,178,0.0057262807504847,0.135327258727101,0,2022.94690549784,1,52.0735753638149,0,-52.0735753638149,0
126,178,0.0345308315822603,0.242536853462654,0,62.5387002006834,1,11.3211022618196,0,-11.3211022618196,0
176,178,0.0003578725866042,0.115423938529589,0,244.44037651727,1,-11.4368369485563,0,11.4368369485563,0
177,178,0.0010061238122666,0.0097829928477684,0,736.772386953499,1,-199.802537307317,0,199.802537307317,0
171,179,1.52055910121266e-05,0.0068826997031449,0,1722.58861747611,1,449.685331826772,0,-449.685331826772,0
177,179,0.0003603927901203,0.0049772840171953,0,3118.16067239841,1,282.436382588677,0,-282.436382588677,0
128,180,0.0010731242133961,0.0081800941083415,0,1748.05530387334,1,233.682018257139,0,-233.682018257139,0
173,180,0.0002818724285486,0.0083445101799592,0,540.598749223,1,-299.56750395319,0,299.56750395319,0
176,180,0.0156198678906019,0.121348746909641,0,1963.60526973785,1,31.3703404409417,0,-31.3703404409417,0
177,180,0.0093540015651378,0.0919065949359471,0,873.122865248596,1,34.5151452551094,0,-34.5151452551094,0
184,185,0.0001296841996749,0.0037764114928486,0,564.495753913274,1,118.910995707656,0,-118.910995707656,0
181,187,0.0002697309910409,0.0013984912011139,0,2039.80583648067,1,-815.584971263267,0,815.584971263267,0
186,188,0.0165275524394685,0.0400677318650559,0,1939.42326870373,1,43.8484556072732,0,-43.8484556072732,0
183,189,0.0721460773191813,0.192266318981703,0,20.9274779800138,1,2.97755149296609,0,-2.97755149296609,0
185,189,0.0027700787351255,0.0728013385523217,0,238.692096427014,1,15.4835342238606,0,-15.4835342238606,0
188,189,0.0062788917885158,0.0424007310879393,0,275.001301456278,1,-18.4610857168268,0,18.4610857168268,0
185,190,0.0124139740588274,0.0028718016709787,0,1235.22910939685,1,450.324197734339,0,-450.324197734339,0
187,190,0.0006785671795461,0.0013610571209684,0,2375.35513774434,1,-815.584971263269,0,815.584971263269,0
181,191,0.0779988519224291,0.060463999481176,0,882.820209809751,1,-2.07841555213362,0,2.07841555213362,0
183,192,0.0495531142968966,0.202633860296128,0,17.7655969991369,1,-2.9775514929661,0,2.9775514929661,0
185,192,0.0088580674606458,0.341643450600385,0,76.0336383010662,1,-0.14229338006661,0,0.14229338006661,0
186,193,0.0002978767109746,0.000472707322156,0,5765.33847685619,1,-2212.0204951168,0,2212.0204951168,0
190,193,0.0013629093387362,0.0059842250814379,0,1012.71602547853,1,-365.260773528931,0,365.260773528931,0
186,194,0.0006204885985994,0.002146110092084,0,1041.92632976306,1,-683.431882500631,0,683.431882500631,0
188,195,0.0025905399524347,0.002546639188466,0,2174.11295014649,1,-516.567385679188,0,516.567385679188,0
188,197,0.0229304800664608,0.0322001718229964,0,2342.39413663326,1,10.5094317731791,0,-10.5094317731791,0
191,197,3.4983762101124e-05,0.0010604131152753,0,1913.17264677229,1,-1103.18095074141,0,1103.18095074141,0
196,197,0.0017982114893663,0.0125119841645678,0,682.174906041914,1,246.448927681658,0,-246.448927681658,0
192,198,0.193406757507863,0.199575348164291,0,23.9240709678854,1,-3.1198448730327,0,3.1198448730327,0
196,200,0.0027082995517209,0.0575811211651212,0,130.645032393825,1,-22.5303791033326,0,22.5303791033326,0
195,201,0.0001527120651987,0.0099972536402621,0,1484.01837032942,1,-343.267265896906,0,343.267265896906,0
196,201,0.0004652056096688,0.0026547349375015,0,3736.6494127873,1,-754.154801473235,0,754.154801473235,0
199,201,0.0020832740699466,0.0493260140372899,0,134.016250962868,1,-0.886233189375196,0,0.886233189375196,0
196,202,0.0098936904385698,0.0208790949407589,0,500.040078049929,1,-69.5455846722006,0,69.5455846722006,0
195,203,0.0039212539708742,0.0187222863688106,0,538.104049432412,1,-224.526466325598,0,224.526466325598,0
200,203,0.0018359166090693,0.0030037320693551,0,2923.2209328424,1,-491.613583691484,0,491.613583691484,0
202,203,0.0020364972534308,0.019130465942135,0,1313.81054268071,1,-69.1018773419807,0,69.1018773419807,0
199,205,0.0678770894433114,0.325028035740427,0,3.84070791066803,1,1.46355823193635,0,-1.46355823193635,0
202,205,0.0351983391451497,0.0690104141427189,0,84.8005632270772,1,-0.443707330219978,0,0.443707330219978,0
196,206,0.0002650323534168,0.0028359220505462,0,705.589978337602,1,599.78183756711,0,-599.78183756711,0
199,207,0.0003112464771862,0.012469051925315,0,570.814896561721,1,187.564053328907,0,-187.564053328907,0
201,208,0.0003045720191433,0.0011912610585927,0,2251.24740437333,1,-973.487891772756,0,973.487891772756,0
199,209,0.0012070473975641,0.0159501434935976,0,926.060168654568,1,-188.141378371468,0,188.141378371468,0
205,209,0.0019973689160278,0.019612628019212,0,854.520927047001,1,-177.262294273904,0,177.262294273904,0
208,209,0.0031393195985192,0.049002724296608,0,1028.49220179464,1,-36.6814180372568,0,36.6814180372568,0
204,210,0.000667197200319,0.0332506900830471,0,379.504420475867,1,178.28214517562,0,-178.28214517562,0
206,212,0.00095810193057,0.012293702572091,0,503.002305009488,1,188.852806273629,0,-188.852806273629,0
209,213,0.0002659739022006,0.0103087268042567,0,1271.44812446201,1,-402.085090682629,0,402.085090682629,0
204,214,0.0010483753391848,0.0147988239694659,0,369.095051047271,1,-178.28214517562,0,178.28214517562,0
205,214,0.0016792559718923,0.0147510161386127,0,368.797406099718,1,178.28214517562,0,-178.28214517562,0
193,216,0.0001384441305433,0.0015678748782394,0,3422.63220638445,1,-1945.05082198809,0,1945.05082198809,0
208,217,0.0030894734379783,0.0060308384825772,0,1056.70533961298,1,-536.093457022398,0,536.093457022398,0
213,217,0.0107399486600706,0.0248505197485769,0,205.898650763292,1,109.027164958468,0,-109.027164958468,0
215,217,0.000328411565896,0.023987444082951,0,1819.50612801226,1,81.6058382668275,0,-81.6058382668275,0
208,218,0.0028310089860032,0.0105899868624062,0,1749.65729517831,1,-400.713016713102,0,400.713016713102,0
216,219,0.0016498063476837,0.0055547821670491,0,2540.88971329737,1,-620.769959560681,0,620.769959560681,0
217,219,0.0070004986871785,0.0009799047186198,0,978.088637283239,1,-163.661554894595,0,163.661554894595,0
211,220,0.0065056336321782,0.0147299967078623,0,390.569240423082,1,-172.720365626375,0,172.720365626375,0
218,220,0.0657239924580391,0.325051448942678,0,80.614323123906,1,-25.1809634618143,0,25.1809634618143,0
217,221,0.0104983981792793,0.0304061837473642,0,1060.02200834004,1,-263.503063104613,0,263.503063104613,0
218,221,0.0044287896863277,0.0824027123964943,0,464.597211640284,1,-84.9689266215431,0,84.9689266215431,0
216,222,0.0008346974086083,0.0173009191791267,0,940.239949706721,1,190.011373496249,0,-190.011373496249,0
220,223,0.000351625179178,0.0364423610102228,0,225.094449835653,1,10.375080205431,0,-10.375080205431,0
215,225,0.0008614981663533,0.0112420466338651,0,800.461694932906,1,-406.154943011355,0,406.154943011355,0
224,225,0.0007169060938765,0.0046786553081307,0,774.704619330327,1,406.154943011355,0,-406.154943011355,0
193,226,0.0006374701135915,0.0013827014715206,0,3512.04919005178,1,-632.230446657653,0,632.230446657653,0
218,226,0.0024914890199084,0.0095581158179614,0,677.302114637667,1,677.302114567718,0,-677.302114567718,0
222,226,0.035695238896871,0.0069594727407788,0,1101.25463127944,1,-159.776624699954,0,159.776624699954,0
226,228,0.059496597095848,0.162372833536737,0,223.978575245656,1,-31.5678284109495,0,31.5678284109495,0
221,229,0.0002531148228052,0.0476225862919821,0,597.042078774337,1,-9.09942182688579,0,9.09942182688579,0
223,229,0.0075483066278502,0.0358559364478426,0,219.00017580915,1,10.3750802054309,0,-10.3750802054309,0
224,229,0.0033545588522997,0.0169898807194691,0,473.737224135861,1,-1.27565837854529,0,1.27565837854529,0
224,230,0.0001762253114887,0.0040245990765529,0,1173.14681148305,1,-404.87928463281,0,404.87928463281,0
227,233,0.138604362410217,0.147325249583037,0,15.2814316745185,1,1.43296417683466,0,-1.43296417683466,0
231,233,0.0095525901144899,0.431714676683055,0,14.6722808773367,1,-1.43296417683467,0,1.43296417683467,0
184,234,0.0055791996545004,0.144360172770918,0,48.2441154085774,1,-3.88411279070316,0,3.88411279070316,0
184,235,0.0124595611622202,0.101667754045284,0,57.8833366606547,1,-4.34614591778565,0,4.34614591778565,0
234,235,0.18084445939101,0.913630648874074,0,76.0336383010662,1,0.130083529334044,0,-0.130083529334044,0
217,236,0.0022480202071094,0.0321874574780918,0,101.91021257473,1,81.7041642021064,0,-81.7041642021064,0
226,236,0.0005650486455969,0.0340814058325049,0,129.402636310328,1,-83.1371283789411,0,83.1371283789411,0
231,236,0.017022528937846,0.235554688314924,0,9.6956087532557,1,1.43296417683467,0,-1.43296417683467,0
232,236,0.669624903113262,0.995658140213402,0,76.0336383010662,1,0.0,0,0.0,0
185,237,0.0031527461443436,0.00850704926418,0,584.582438733796,1,-346.754442870476,0,346.754442870476,0
227,237,0.0001482596709297,0.010436254285259,0,414.096775795443,1,269.982387923555,0,-269.982387923555,0
228,237,0.0172762917412793,0.0490092215367407,0,1619.15451207395,1,80.4470539136099,0,-80.4470539136099,0
234,237,0.0508445043853592,0.527915545368467,0,18.9585885432543,1,-3.67499896668933,0,3.67499896668933,0
227,238,0.0022250583667306,0.027383276178515,0,229.396137923492,1,164.012823941753,0,-164.012823941753,0
228,238,0.0051489273877309,0.0344598013070528,0,370.216834866873,1,162.979787349624,0,-162.979787349624,0
234,238,0.269502211558234,0.666838981643622,0,76.0336383010662,1,-0.399624930696159,0,0.399624930696159,0
230,239,0.000841495506603,0.0037432744003604,0,1918.17327928448,1,-463.221435051672,0,463.221435051672,0
182,240,0.001775942254908,0.0078352692518807,0,727.453523404945,1,313.768028350345,0,-313.768028350345,0
186,240,0.0001687440395226,0.002688868973632,0,1110.94682608539,1,-431.334618773458,0,431.334618773458,0
198,240,0.0304581918138036,0.107526871716011,0,24.2836109291049,1,-3.11984487303268,0,3.11984487303268,0
234,240,0.0844358271562938,0.0503603970831821,0,8.04015678170854,1,0.0604275773482987,0,-0.0604275773482987,0
235,240,0.0704563167332324,0.0274676064662765,0,59.184833627597,1,-4.2160623884516,0,4.2160623884516,0
238,240,0.0436086975393719,0.0021589568194705,0,9139.44032404152,1,124.842070107251,0,-124.842070107251,0
241,242,0.0025017142817693,0.0226260820420512,0,1153.03108924794,1,-130.074310001285,0,130.074310001285,0
243,244,0.0087563640124108,0.0070030195785077,0,1751.54064979967,1,216.619160323287,0,-216.619160323287,0
244,247,8.09451581262749e-06,0.0244331106654105,0,1340.93143390972,1,119.639575882921,0,-119.639575882921,0
245,250,0.0067002604539699,0.0187817007849451,0,1031.58574549261,1,-137.420372741043,0,137.420372741043,0
246,250,0.0022752083735253,0.0451300413683902,0,1256.7957819488,1,37.4863902140056,0,-37.4863902140056,0
247,250,0.0009734443867619,0.0049585650790328,0,1447.19509210349,1,401.293001443803,0,-401.293001443803,0
248,254,0.0007664783319544,0.0023282998447585,0,1423.74215669933,1,58.9532381007741,0,-58.9532381007741,0
249,254,0.0130591567459329,0.0983753186114988,0,66.4824616086683,1,-3.76285673788652,0,3.76285673788652,0
252,254,0.0018304345317697,0.0033948967403114,0,2152.75751783099,1,146.063810184563,0,-146.063810184563,0
248,255,6.79341097198969e-05,0.0189109080341852,0,802.132429224357,1,113.023955931745,0,-113.023955931745,0
249,255,0.0333911035368571,0.0207572820002774,0,308.615663932442,1,78.5243747551433,0,-78.5243747551433,0
255,257,0.00081495007003,0.0117738348824576,0,2976.29150019896,1,294.620127207901,0,-294.620127207901,0
245,258,0.0464355365301989,0.0052873980034706,0,3415.0390253098,1,42.3669921688429,0,-42.3669921688429,0
248,258,0.133071338915235,0.184472636893563,0,23.5006484758544,1,4.46640535340415,0,-4.46640535340415,0
250,258,0.0036463592531464,0.0100759868289796,0,408.746343889462,1,278.384591007704,0,-278.384591007704,0
251,259,0.0009479632346316,0.0194253355218318,0,2159.00113320203,1,157.547313102634,0,-157.547313102634,0
252,259,0.0023498220316162,0.0126657077148969,0,2486.44095384833,1,-146.063810184563,0,146.063810184563,0
253,259,0.0266155553188905,0.0603705202909022,0,19.6884139562669,1,-11.4835029180715,0,11.4835029180715,0
251,260,0.0014413830138694,0.0206518431771636,0,1534.29178655754,1,136.697855543098,0,-136.697855543098,0
254,261,0.0001704246304819,0.0101387797882618,0,397.125261687478,1,206.294793851939,0,-206.294793851939,0
256,261,0.0305740569782722,0.127700814431927,0,130.287739939227,1,-0.510746660057887,0,0.510746660057887,0
258,262,0.0015109171901974,0.008580049545673,0,42077.7894563092,1,67.8662105188415,0,-67.8662105188415,0
256,263,0.0013515155131796,0.0012961089448914,0,3591.02980910903,1,-577.533060709223,0,577.533060709223,0
262,263,0.0018739141246438,0.000241181479848,0,3109.01896698264,1,577.533060709223,0,-577.533060709223,0
254,264,0.0006718087541729,0.0232790463748569,0,2470.79627826232,1,56.1844974403743,0,-56.1844974403743,0
256,264,0.0033825655393913,0.0168057440172966,0,1136.80307010187,1,-50.5112257125467,0,50.5112257125467,0
255,265,0.0002885323711822,0.0176934670300034,0,987.015791460024,1,-103.071796521012,0,103.071796521012,0
260,265,0.0019184749189794,0.0201879334506108,0,1713.64907817216,1,136.697855543098,0,-136.697855543098,0
257,266,0.0006079786959301,0.0293674101885463,0,247.479444520259,1,-116.16624824661,0,116.16624824661,0
258,266,0.003053388970872,0.0051124878196222,0,603.880497339901,1,268.120527645605,0,-268.120527645605,0
264,267,0.0200740348351574,0.0465128857178898,0,46.3788687584712,1,5.67327172782759,0,-5.67327172782759,0
266,267,0.0069194518873904,0.0855996243351555,0,41.1160809472878,1,-5.67327172782757,0,5.67327172782757,0
262,268,0.161838889538608,0.543260810964764,0,20.8054313829163,1,0.521941047285519,0,-0.521941047285519,0
266,269,0.0147142992570795,0.292337964042828,0,3.6079428471805,1,-0.867821154773862,0,0.867821154773862,0
268,269,0.0089954188653662,0.289483951277433,0,2.42147377138698,1,0.86782115477386,0,-0.86782115477386,0
261,271,0.0478542664462955,0.125557756996904,0,245.091711051742,1,18.0196695835978,0,-18.0196695835978,0
262,272,0.0003363264497892,0.0020608226240432,0,1196.16442532314,1,-624.796754615087,0,624.796754615087,0
270,274,0.0082794528069511,0.0190794744794334,0,395.096301536134,1,-70.6918538958345,0,70.6918538958345,0
272,274,0.0120383490280628,0.0333473623569618,0,390.318490331877,1,70.6918538958345,0,-70.6918538958345,0
270,275,0.0013096605736281,0.0086872503825127,0,1702.33081380227,1,206.512176551135,0,-206.512176551135,0
270,276,0.0018829443906466,0.0028360709064618,0,282.041161813482,1,-135.820322655301,0,135.820322655301,0
272,276,0.0043570035757835,0.0244510847813145,0,273.28113900255,1,135.820322655301,0,-135.820322655301,0
272,277,0.0060637336145957,0.0285649946185841,0,573.51314391218,1,151.376291085268,0,-151.376291085268,0
275,277,4.10108703243953e-07,0.0017127383081453,0,1866.36920782505,1,-686.684199665196,0,686.684199665196,0
258,278,0.004860375310598,0.105078964530714,0,134.655662408878,1,10.9275028310108,0,-10.9275028310108,0
272,279,0.0183929099974859,0.0471877109121739,0,3001.51113537401,1,33.281131389227,0,-33.281131389227,0
277,279,0.005870500014311,0.082737647984477,0,1174.55282670613,1,-33.281131389227,0,33.281131389227,0
271,280,0.0142136000536724,0.133841442069266,0,210.108546044694,1,18.0196695835978,0,-18.0196695835978,0
273,280,0.0004012534198739,0.000651667441184,0,1946.81040221362,1,-1293.32370127134,0,1293.32370127134,0
275,280,8.9573577245594e-05,0.0010070721318167,0,8121.40188912061,1,1275.30403168774,0,-1275.30403168774,0
245,281,0.0202745481647615,0.103944495442333,0,16.1290252643877,1,4.18090214200515,0,-4.18090214200515,0
272,282,0.0002339417384484,0.0010440155522665,0,5783.56082189919,1,-1015.96635364072,0,1015.96635364072,0
277,283,0.0007449859584787,0.0026506250773324,0,3248.47068910469,1,-415.754641099021,0,415.754641099021,0
278,283,0.0084005198174129,0.0595374210724259,0,4763.54041602903,1,22.9855898503376,0,-22.9855898503376,0
282,283,7.60645177294738e-06,0.0109039597765719,0,2830.52983040925,1,392.769051248684,0,-392.769051248684,0
265,285,0.0064821478718968,0.0898238130616166,0,335.078900970998,1,32.1320920272636,0,-32.1320920272636,0
266,285,0.0066799243068392,0.0417928177086881,0,241.926756307747,1,24.0525233929625,0,-24.0525233929625,0
275,285,0.0002556991339244,0.0047068117219672,0,5413.91982976663,1,-513.912159970548,0,513.912159970548,0
281,285,0.0001128521275177,0.0047307947037889,0,3876.23865413451,1,457.727544550323,0,-457.727544550323,0
246,286,0.0079509963217974,0.0735728492612064,0,1422.83533558969,1,47.1363515291823,0,-47.1363515291823,0
281,286,0.0506054162227386,0.0487931975121929,0,242.327986884899,1,-25.4006050995656,0,25.4006050995656,0
278,287,0.0138200491974887,0.111310312916799,0,111.499563645935,1,-12.0580870193268,0,12.0580870193268,0
248,288,0.0001306082290193,0.0070960759255947,0,821.314286221206,1,-109.340957826509,0,109.340957826509,0
253,288,0.0165101331879229,0.0643928500138184,0,22.6301109691636,1,11.4835029180715,0,-11.4835029180715,0
282,288,0.0001368044672543,0.0007031671557761,0,1872.89788918188,1,236.306829086326,0,-236.306829086326,0
284,289,0.0351662927808328,0.0632055872170164,0,234.192916805421,1,-12.0696169981875,0,12.0696169981875,0
286,289,0.0075393048638283,0.130338066428555,0,213.009281516494,1,12.0696169981875,0,-12.0696169981875,0
281,291,0.0057442031829326,7.53208955056624e-05,0,3150.95282155685,1,-414.550168790345,0,414.550168790345,0
282,291,0.0024170475697439,0.0053644206239683,0,2113.63175473213,1,362.635776097062,0,-362.635776097062,0
250,292,0.0069048550455914,0.0303288114629854,0,307.210117603353,1,78.1659088452121,0,-78.1659088452121,0
265,292,0.0019323278348351,0.0508183984242391,0,247.917976258108,1,1.49396699482238,0,-1.49396699482238,0
286,292,0.0062770004023283,0.0615019457112072,0,381.700395312988,1,9.6661294314292,0,-9.6661294314292,0
287,292,0.0145216120079614,0.0026910595917105,0,349.755436490363,1,-89.3260052714638,0,89.3260052714638,0
287,293,0.0122515626122497,0.0634552791525241,0,129.959228242132,1,9.14571590511278,0,-9.14571590511278,0
290,294,0.0065098204764652,0.0353183997675658,0,189.366198285781,1,-73.2914546768124,0,73.2914546768124,0
291,295,0.007739868483554,0.0814502761509762,0,51.9143926988758,1,-51.9143926932846,0,51.9143926932846,0
294,295,0.0153607500649298,0.015230891995385,0,547.908334987548,1,95.9722500771323,0,-95.9722500771323,0
243,296,0.0033574707986772,0.0108082171328362,0,515.044315335664,1,168.615055168551,0,-168.615055168551,0
244,296,0.132479016538447,0.470885843729843,0,76.0336383010662,1,0.648649585393364,0,-0.648649585393364,0
294,296,0.0009543612751888,0.0112352837609881,0,525.339711584536,1,-169.263704753945,0,169.263704753945,0
242,297,0.000109439431854,0.0032104665795236,0,916.353842442272,1,-371.291256112055,0,371.291256112055,0
246,297,0.0001690340102852,0.0219561934188027,0,321.755177860303,1,-84.622741743188,0,84.622741743188,0
242,298,0.0230805404755698,0.0141680136163732,0,264.461954420395,1,155.487796033321,0,-155.487796033321,0
248,298,0.0058591597191242,0.0356839278107063,0,166.195382742194,1,-59.8547939226897,0,59.8547939226897,0
293,298,0.0005273288823695,0.0186320774755983,0,424.227691442175,1,-179.592904855658,0,179.592904855658,0
295,298,0.0011596451127779,0.0247245699956592,0,214.051671212651,1,44.0578573838477,0,-44.0578573838477,0
249,299,0.0844881438917408,0.768180740051842,0,76.0336383010662,1,-8.39077046656451,0,8.39077046656451,0
249,300,0.005807153079462,0.0182728646135222,0,160.360330492629,1,-2.62210355732053,0,2.62210355732053,0
299,300,0.0102519115722367,0.0243445400469845,0,689.344563493849,1,262.798759432614,0,-262.798759432614,0
40,118,0.0021490428330363,0.0329876315729784,0,2883.70295723125,1,-53.389085050531,0,53.389085050531,0
45,95,0.0025613753232859,0.0790157261787926,0,112.284798559528,1,-47.8704415730409,0,47.8704415730409,0
42,82,0.73635608186266,1.09273582206013,0,25.2600029785418,1,-7.38310597513667,0,7.38310597513667,0
38,86,0.0005691898179978,0.0002786426292339,0,1063.06520853116,1,-826.770266652144,0,826.770266652144,0
105,133,0.0341257016331369,0.125925851550185,0,27.371509501145,1,-9.63164169795949,0,9.63164169795949,0
69,169,0.0002298635078059,0.0103209841678072,0,549.913999146216,1,-309.307050962246,0,309.307050962246,0
74,151,0.0007255661375913,0.0026928398970446,0,199.206540599184,1,163.975090780904,0,-163.975090780904,0
96,150,0.0009137389722727,0.011130637382233,0,823.697124004227,1,333.714965333517,0,-333.714965333517,0
152,218,0.0001106497341972,0.001130516214176,0,1332.3172910659,1,967.865241197463,0,-967.865241197463,0
150,230,0.0369118537870066,0.0962273536012141,0,584.381080132919,1,-58.342150418862,0,58.342150418862,0
139,184,0.0001639722143813,0.0105305530532999,0,539.445555658936,1,110.680736999166,0,-110.680736999166,0
125,219,0.0032475710314397,0.0105144570774242,0,830.832617039456,1,784.431514455276,0,-784.431514455276,0
197,273,1.60382602700336e-05,0.0008611730408223,0,1584.27803777116,1,-1293.32370127134,0,1293.32370127134,0
203,256,0.0005828023014454,0.0011265401600606,0,4549.66172331462,1,-628.555033413573,0,628.555033413573,0
182,261,0.00162362395879,0.0029235208718018,0,821.476917470323,1,-313.768028350345,0,313.768028350345,0
216,268,9.17961470156603e-06,0.0006467676268846,0,3183.44018202259,1,-1514.29223592365,0,1514.29223592365,0
258,14,0.0003607768321109,0.0136361781517831,0,1372.50848247897,1,-21.6962524655063,0,21.6962524655063,0
268,38,6.00460413161913e-05,0.0006631055454279,0,6693.53179377285,1,-1514.63811603114,0,1514.63811603114,0
248,10,0.000225411667275,0.0227382921175695,0,10022.0659861617,1,-7.24784763672544,0,7.24784763672544,0
282,27,2.5752578764716e-05,0.0004249607239282,0,4862.96200739225,1,-2007.67800898364,0,2007.67800898364,0
