from_bus,to_bus,resistance,reactance,susceptance,line_rating,line_status,P_from,Q_from,P_to,Q_to
4,6,0.011249594952758,0.269835322750914,0,33.2672492180977,1,-2.50113670944776,0,2.50113670944776,0
5,8,0.0019795043969837,0.0118815205520578,0,1403.74746238261,1,-21.3244562079469,0,21.3244562079469,0
7,8,0.0003138382224482,0.016344997370885,0,1147.23407618165,1,-382.34025543385,0,382.34025543385,0
3,9,0.0011347714356111,0.0012635350765991,0,3230.53982510574,1,882.407398526934,0,-882.407398526934,0
7,9,0.0002093326956357,0.0017674102822518,0,4124.48475824581,1,-882.407398526932,0,882.407398526932,0
6,12,0.0614935221395945,0.460286030682608,0,33.3893205488048,1,-2.50113670944775,0,2.50113670944775,0
11,12,0.0103025525605649,0.0965122079139199,0,3.18580965175743,1,1.27846493753833,0,-1.27846493753833,0
10,13,0.0005945653583809,0.0006566214342661,0,1458.72526429402,1,-903.384214434058,0,903.384214434058,0
1,14,0.0042088600845755,0.264858782304583,0,14.9474462775198,1,-1.49332260383051,0,1.49332260383051,0
2,15,0.104583077070805,0.0246273558560714,0,6.77306222694657,1,1.81362682593671,0,-1.81362682593671,0
11,15,0.0017485883726782,0.0958108259866377,0,5.19052211076546,1,-1.27846493753833,0,1.27846493753833,0
12,18,0.0066972245090923,0.0194133344052742,0,529.582981154921,1,96.7304692561298,0,-96.7304692561298,0
17,19,0.0019563928648966,9.77892774908235e-05,0,2403.87153711789,1,-679.815112185753,0,679.815112185753,0
14,20,0.0149089258921892,0.0324877206641944,0,282.913163648716,1,-50.1857734417032,0,50.1857734417032,0
14,21,0.0368929690217277,0.0026843821927617,0,215.497876113833,1,48.6924508378728,0,-48.6924508378728,0
13,22,0.0022317928902129,0.0063532639013699,0,1501.95941889284,1,-903.384214434061,0,903.384214434061,0
16,22,2.68654037127718e-05,0.0061163018063888,0,1001.74725044328,1,185.894044550076,0,-185.894044550076,0
19,22,0.0010202308652522,0.0023361207516789,0,887.415495736165,1,455.805495754045,0,-455.805495754045,0
18,23,0.0185137967846923,0.0022916204552981,0,64.5999416146218,1,51.300563771693,0,-51.300563771693,0
16,24,0.0002477340530201,0.003822437159135,0,293.950346237535,1,-293.950346237516,0,293.950346237516,0
20,25,0.0056686232462927,0.0089389743913333,0,1372.07636340223,1,-240.198441096851,0,240.198441096851,0
19,26,4.09129715214809e-06,0.0003764376179316,0,4128.40082271268,1,-896.541840806078,0,896.541840806078,0
23,26,0.0140212302309566,0.0280859054523881,0,992.692733386141,1,-121.523646848027,0,121.523646848027,0
20,27,5.20714772048675e-05,0.0070037937502556,0,1732.62615236857,1,5.0610715274007,0,-5.0610715274007,0
23,27,0.0154560209423013,0.127570223642575,0,2145.42347977948,1,-32.0699726793214,0,32.0699726793214,0
24,27,0.0031051422034229,0.0066722493545803,0,764.345957271847,1,27.0089011519209,0,-27.0089011519209,0
21,28,0.0017317148556302,0.0017862694017762,0,2047.34901388017,1,113.756510543957,0,-113.756510543957,0
21,29,0.000449526949646,0.0088736968987742,0,194.244308479192,1,-65.0640597060854,0,65.0640597060854,0
26,30,5.42676163949293e-05,0.0003135084372527,0,6315.73536061683,1,-1018.06548765411,0,1018.06548765411,0
29,30,0.0024311689476731,0.0184646021340279,0,7408.87592238095,1,-42.7534410917153,0,42.7534410917153,0
6,32,0.118039947865024,1.87133064390928,0,31.4660577996076,1,-6.93889390390723e-16,0,6.93889390390723e-16,0
29,33,3.6939943106163e-05,0.0195824320073117,0,2291.27244652832,1,-22.3106186143702,0,22.3106186143702,0
31,33,0.0018584964890825,0.0022913155065885,0,752.691060660371,1,-297.841273357993,0,297.841273357993,0
25,35,0.0274833764844114,0.1269479506217,0,110.071647855631,1,38.2433033975121,0,-38.2433033975121,0
31,35,0.0008291462148299,0.0041999678066284,0,489.485771054016,1,304.396935471981,0,-304.396935471981,0
30,36,7.68415330967474e-05,0.0009474628979041,0,7608.17408488498,1,2041.73478810029,0,-2041.73478810029,0
28,37,0.0371074317814725,0.429948356593219,0,86.2963882576028,1,6.00153961522488,0,-6.00153961522488,0
30,38,0.0021580675647469,0.002564642428963,0,6022.46247243571,1,537.195443744392,0,-537.195443744392,0
31,39,0.0006022312328087,0.001985135967137,0,1038.29025906106,1,338.852583751237,0,-338.852583751237,0
36,39,0.0009270468282294,0.0007774146648196,0,689.532958847007,1,-291.764591122814,0,291.764591122814,0
37,39,0.0053124947376072,0.0518750082444921,0,68.6064154750906,1,-47.0879926284212,0,47.0879926284212,0
30,40,5.63302186004973e-06,0.0001359338090172,0,19460.0456259821,1,-3621.10353299401,0,3621.10353299401,0
32,42,0.126928622241602,0.446349543269501,0,31.4660577996076,1,0.0,0,0.0,0
33,43,0.0004367486260351,0.0043806594903585,0,1073.96578498188,1,-320.15189197236,0,320.15189197236,0
34,43,1.98340273144676e-05,0.0001833884051826,0,9058.34488224073,1,4680.94303321481,0,-4680.94303321481,0
40,43,2.07366890737694e-05,0.000133405205158,0,9835.14893378658,1,-4180.62338434621,0,4180.62338434621,0
40,44,4.13669707636702e-06,0.0034712180976843,0,5957.90324131729,1,818.34197947913,0,-818.34197947913,0
41,45,0.0018762855036949,0.0096553909453581,0,2479.70317030862,1,457.019959317477,0,-457.019959317477,0
2,47,0.0545818119074049,0.0717459628694944,0,985.855039354309,1,14.6451612142884,0,-14.6451612142884,0
12,47,0.0038787334635609,0.255906050650725,0,34.8370870969464,1,2.9705749512751,0,-2.9705749512751,0
35,48,0.0012942324597709,0.0239988977787006,0,184.869239706085,1,143.17049337754,0,-143.17049337754,0
41,48,5.33607572327473e-05,0.0038900413201366,0,488.403461958379,1,-180.268221602224,0,180.268221602224,0
6,49,0.129550392284326,1.98566009055655,0,31.4660577996076,1,0.0,0,0.0,0
47,50,0.0182810354398829,0.0398426286878919,0,2470.82129790099,1,-41.0016881090261,0,41.0016881090261,0
50,51,0.0362661040042026,0.20875833420299,0,31.4660577996076,1,0.0,0,0.0,0
2,52,0.0196577628558136,0.0207885480728075,0,541.955627547924,1,-16.4587880402252,0,16.4587880402252,0
46,52,0.0190163512989861,0.579079665706727,0,27.086177631824,1,-3.04101621590654,0,3.04101621590654,0
48,52,0.0299850137985103,0.309173483748472,0,289.357026031773,1,-15.0246222022325,0,15.0246222022325,0
1,53,0.352694119519974,0.316168588057728,0,11.370175976724,1,1.49332260383051,0,-1.49332260383051,0
15,53,0.0904374538034814,1.14500498524648,0,2.03955802269916,1,0.53516188839838,0,-0.53516188839838,0
41,53,0.0006651309999734,0.0157067973091632,0,428.851970993465,1,-276.751737715253,0,276.751737715253,0
28,54,0.0002320476332148,0.0156451054930491,0,1272.64185271813,1,108.855846974365,0,-108.855846974365,0
44,54,0.0001342905185993,0.0011298844956636,0,1010.76634710656,1,818.34197947913,0,-818.34197947913,0
47,54,0.0026040689825978,0.0330157789813405,0,1027.35772656141,1,23.5040795776629,0,-23.5040795776629,0
46,55,0.412679217422027,0.425178146805141,0,32.697799393589,1,3.04101621590654,0,-3.04101621590654,0
48,55,0.0490534053172834,0.0720900127898088,0,1311.48933566631,1,-22.073106022453,0,22.073106022453,0
50,55,0.0255744095981498,0.173112562104366,0,501.806805104268,1,19.0320898065464,0,-19.0320898065464,0
50,56,0.0169787620513597,0.0285995508427589,0,194.087182797353,1,-63.349173002618,0,63.349173002618,0
52,56,0.0043557268230338,0.0594502976732308,0,2238.62723777457,1,-34.5244264583642,0,34.5244264583642,0
53,56,0.0019878298719342,0.0125382817517929,0,2570.03483708761,1,-243.420084196767,0,243.420084196767,0
12,57,0.0070222123659919,0.119573026651588,0,17.9107750375299,1,-2.21451904141362,0,2.21451904141362,0
28,57,0.0009986105845237,0.0889556419522071,0,31.4660577996076,1,-1.10087604563188,0,1.10087604563188,0
50,57,0.0063451386475167,0.183576970654462,0,20.0568555958204,1,3.31539508704551,0,-3.31539508704551,0
4,58,0.0012198340381254,0.0033696766598321,0,3505.99200161204,1,501.819761629434,0,-501.819761629434,0
54,58,0.0002221681745397,0.0099290928114516,0,1458.20538309915,1,199.505644151706,0,-199.505644151706,0
3,59,0.0003300317420338,0.0017474882876916,0,3405.83045191469,1,-882.407398526932,0,882.407398526932,0
58,59,0.0001214687663322,0.0016035571854891,0,3741.08014172215,1,882.40739852693,0,-882.40739852693,0
36,60,0.0191676388099022,0.0403190401137661,0,82.5047610646283,1,5.50526035910284,0,-5.50526035910284,0
47,60,0.0185643088645823,0.405298671176951,0,5.50692499741195,1,-0.840379609722422,0,0.840379609722422,0
53,60,0.0091356837033157,0.0492206166578657,0,15.2823084604286,1,1.07066091018684,0,-1.07066091018684,0
54,60,0.0114396782543881,0.194682612711579,0,94.9230318185394,1,-5.73554165956724,0,5.73554165956724,0
62,63,0.0002077431888501,0.0789995540002653,0,265.730346848895,1,11.6110193883394,0,-11.6110193883394,0
65,68,0.0005342776812049,0.0025018719537372,0,1811.61805186406,1,230.895678193296,0,-230.895678193296,0
62,69,0.0002200326216571,0.078876862769391,0,269.960134031329,1,-11.6110193883395,0,11.6110193883395,0
67,69,0.0001999029495008,0.0257550385246908,0,1241.99748073985,1,24.4766768902067,0,-24.4766768902067,0
68,69,0.0046877101845519,0.0293910651037521,0,184.100468864259,1,-12.8656575018673,0,12.8656575018673,0
67,70,0.0008485594078625,0.0128608078150741,0,1973.99592419761,1,-142.173634150007,0,142.173634150007,0
64,71,0.0176954528991094,0.670545750883912,0,31.4660577996076,1,0.0,0,0.0,0
66,71,0.0018314370475794,0.10512061112505,0,821.442729399634,1,-27.5584594460021,0,27.5584594460021,0
66,72,0.0016462481115072,0.0077315800754139,0,671.269046124136,1,-310.975533505861,0,310.975533505861,0
65,73,0.0044868066861376,0.0055536112399778,0,339.121540647597,1,-254.94755280662,0,254.94755280662,0
67,73,0.0150988193800521,0.046558387740301,0,964.839870368986,1,-21.1566149664237,0,21.1566149664237,0
72,76,0.172132852167417,0.860668821095948,0,31.4660577996076,1,0.0,0,0.0,0
70,77,0.0015167335519338,0.002939509633242,0,1145.81725964433,1,654.972109817956,0,-654.972109817956,0
70,78,0.0011736486091354,0.0053298185993736,0,1520.78985237588,1,-518.898477618064,0,518.898477618064,0
74,78,0.000579967119017,0.0127149288600874,0,355.854529827136,1,-160.916634567684,0,160.916634567684,0
77,79,0.0007592140378902,0.0276947703899723,0,309.613358591817,1,249.425667087505,0,-249.425667087505,0
72,80,0.0020785954420005,0.0235738273537423,0,2518.44414809625,1,36.8076334221088,0,-36.8076334221088,0
72,81,0.0111497263697523,0.0264753849539458,0,615.664875712428,1,-176.276345374841,0,176.276345374841,0
73,81,0.0013948221594004,0.0088439653448332,0,434.546853803543,1,174.556762964725,0,-174.556762964725,0
75,81,0.0910946346274005,1.15533287047703,0,5.78311873644183,1,-1.11505106801798,0,1.11505106801798,0
77,81,0.0080400347845495,0.162958294929377,0,30.1942840649899,1,2.83463347813374,0,-2.83463347813374,0
80,82,0.0025245220822793,0.0926494182546198,0,141.285091276523,1,-6.89850125627751,0,6.89850125627751,0
72,83,0.0013940360230131,0.0193861805132601,0,437.225311347951,1,-171.506821553129,0,171.506821553129,0
75,83,0.0784562523845762,0.0483087731068941,0,5.77665538643411,1,1.11505106801801,0,-1.11505106801801,0
77,83,0.0005170872976054,0.0430289303999477,0,2239.22541771428,1,41.926418383334,0,-41.926418383334,0
74,84,0.0022973649891001,0.0125936287675904,0,353.767135024672,1,160.438349660186,0,-160.438349660186,0
77,84,0.0078449764172375,0.0578151558695269,0,2120.26506165068,1,-10.7997115545482,0,10.7997115545482,0
77,85,0.0074150564669818,0.0034313119533295,0,988.671105974503,1,371.585102423532,0,-371.585102423532,0
83,85,0.0050352644206378,0.0657250740511228,0,145.72081195546,1,-8.04905194171428,0,8.04905194171428,0
82,86,0.0063935377897426,0.0144321807843453,0,400.645198596755,1,84.9329866289876,0,-84.9329866289876,0
82,87,0.0341476971832731,0.0875736452526316,0,31.4660577996076,1,0.0,0,0.0,0
85,88,0.0064054250013528,0.0148212784343641,0,370.474804011357,1,178.974424732155,0,-178.974424732155,0
86,88,0.0068071087993994,0.0158174792099906,0,385.88534906812,1,-167.888941398824,0,167.888941398824,0
71,91,0.0362804047701926,0.041778690995828,0,1205.83455317491,1,-32.9610184660911,0,32.9610184660911,0
82,91,0.0250651886111341,0.011429627232665,0,495.981714572381,1,-183.58015444364,0,183.58015444364,0
85,91,0.0174698099652095,0.0107508192101112,0,491.914699283716,1,184.561625749662,0,-184.561625749662,0
88,93,0.0009236378001943,0.0088301798583048,0,304.756976522622,1,160.639383660966,0,-160.639383660966,0
90,93,0.0122303732850244,0.0133702417236776,0,255.294138929517,1,-160.639383660966,0,160.639383660966,0
84,94,0.0006550679720319,0.0097881700759136,0,276.824614910367,1,149.638638105638,0,-149.638638105638,0
92,94,0.0002820349709967,0.0443730749035003,0,5371.60758590987,1,-28.7531754189819,0,28.7531754189819,0
86,95,0.0316301344736912,0.104334521935032,0,13.0900313681059,1,-7.83921586191645,0,7.83921586191645,0
95,96,0.0002197102817684,0.0013591858826346,0,2877.65906311017,1,1233.51135034163,0,-1233.51135034163,0
89,97,0.0004510078011269,0.369325865469776,0,74.8658777646311,1,-5.22629331549297,0,5.22629331549297,0
68,98,0.0016325285844216,0.0420964902311607,0,354.337682318283,1,75.6959032496172,0,-75.6959032496172,0
88,98,0.0132002281661351,0.438408400746945,0,7.68491442935301,1,0.389093271360791,0,-0.389093271360791,0
95,98,0.0012664103797553,0.0219109853223996,0,503.606608886872,1,-76.084996520978,0,76.084996520978,0
92,99,0.0026650214824275,0.0108070357986967,0,1194.80948560082,1,141.084427163994,0,-141.084427163994,0
95,100,0.0011598202777416,0.0078902593772198,0,5388.37453578111,1,-646.625195763015,0,646.625195763015,0
95,101,0.0070610362039567,0.0346405868929655,0,291.273725596024,1,-47.7201995943887,0,47.7201995943887,0
63,102,0.041994733246556,0.0624515147728453,0,271.394930325364,1,11.6110193883394,0,-11.6110193883394,0
92,102,0.0188680733602937,0.0043976381430879,0,2932.98531675838,1,221.853715311951,0,-221.853715311951,0
95,102,0.0008574876098768,0.0057821296935554,0,3076.65737687696,1,-462.378522743863,0,462.378522743863,0
99,102,0.0246563810018687,0.0437484587005275,0,102.478181199838,1,-12.550661455684,0,12.550661455684,0
71,104,0.0301526931833253,0.0624301422387508,0,211.401147449541,1,8.54165158130371,0,-8.54165158130371,0
95,104,0.0044688886753742,0.0697517777028156,0,198.581164514642,1,-8.54165158130358,0,8.54165158130358,0
101,105,0.0001875479071063,4.69320592831166e-05,0,4977.10414792625,1,2634.24990416379,0,-2634.24990416379,0
97,106,0.217820021535795,0.219162940611118,0,72.4889743922106,1,-5.22629331549297,0,5.22629331549297,0
96,107,0.0001304215576064,0.0024890274970107,0,849.070457030303,1,-577.381845149632,0,577.381845149632,0
101,107,0.0016866312316561,0.007789593319697,0,1049.45816273483,1,242.953331134158,0,-242.953331134158,0
105,107,0.000800562091755,0.0425884675206211,0,143.648334981491,1,41.5341752242091,0,-41.5341752242091,0
106,107,0.0001153448330922,0.0086744783541522,0,308.248221801844,1,184.324816111167,0,-184.324816111167,0
99,108,7.37253636765771e-05,0.0630587427311749,0,138.837149926576,1,-3.61131058238242,0,3.61131058238242,0
99,109,0.0004070258526798,0.0101891435830679,0,158.005008266093,1,156.492739476577,0,-156.492739476577,0
103,109,0.0005034793832591,0.0136244498459828,0,759.963028398678,1,-201.424389322617,0,201.424389322617,0
105,109,0.0156131238283237,0.0206553760456088,0,207.859066956302,1,48.3889252994726,0,-48.3889252994726,0
106,109,0.0062334564549324,0.0423938313617814,0,47.5533270861893,1,19.5673798950081,0,-19.5673798950081,0
105,110,0.0057149266136373,0.02723000603599,0,554.691780478965,1,-26.7398188567209,0,26.7398188567209,0
108,110,0.0003737785904397,0.0380952307081552,0,12.9221400601648,1,2.48416450140505,0,-2.48416450140505,0
80,111,0.0042355300063388,0.0262956869740755,0,80.1147668335543,1,43.7061346783864,0,-43.7061346783864,0
89,111,0.0125975306310739,0.032897816268661,0,1067.81944924639,1,-10.2009149041247,0,10.2009149041247,0
103,112,4.92811183885984e-05,0.0031269518606893,0,910.717257984787,1,201.424389322617,0,-201.424389322617,0
105,113,0.0012004081023312,0.0021231173527337,0,1614.30805044551,1,-764.700619921587,0,764.700619921587,0
111,113,0.0406265495556411,0.119933405453734,0,1026.75008315885,1,-37.800408258799,0,37.800408258799,0
110,114,0.0148890473134632,0.0289245634369145,0,646.59641773815,1,-24.2556543553158,0,24.2556543553158,0
65,115,0.0055102368965659,0.0612421641343199,0,421.480675887968,1,24.051874613324,0,-24.051874613324,0
91,115,0.0061331547289386,0.0454100098496114,0,24965.4994473385,1,-31.9795471600686,0,31.9795471600686,0
113,115,0.0002314173482929,0.0010035346129213,0,2528.47094015776,1,-802.501028180387,0,802.501028180387,0
99,116,0.067632300083882,0.516910329064894,0,6.97142067888902,1,0.753659725484365,0,-0.753659725484365,0
106,116,0.108080819682158,0.498124391387965,0,7.05238878751856,1,-0.753659725484368,0,0.753659725484368,0
68,117,0.0195432733733807,0.0389073345104393,0,693.864223157388,1,30.3184816863663,0,-30.3184816863663,0
114,117,0.012244810238064,0.0294728472180471,0,588.47390935947,1,-24.2556543553156,0,24.2556543553156,0
115,117,0.0118069788491525,0.0371262335623914,0,307.923498884818,1,7.65749310513839,0,-7.65749310513839,0
71,118,0.0285644812144567,0.562422169110773,0,32.1990112176817,1,-3.13909256121456,0,3.13909256121456,0
108,118,0.0106710051348495,0.0512569961271693,0,197.982245145861,1,-10.5812278749746,0,10.5812278749746,0
117,118,0.00367947712001,0.0568114014327186,0,310.527981760485,1,13.7203204361891,0,-13.7203204361891,0
61,119,0.0003669720362689,0.0053595151094583,0,1606.76485978855,1,-409.839620984924,0,409.839620984924,0
66,119,0.0048657646140523,0.0060040213656555,0,1058.62457356358,1,338.533992951863,0,-338.533992951863,0
111,119,0.0074079760319013,0.0339372641443468,0,212.963409320501,1,71.3056280330608,0,-71.3056280330608,0
113,120,0.761837082485419,0.997745193851727,0,31.4660577996076,1,0.0,0,0.0,0
122,127,5.12176193094051e-05,0.0025891656286532,0,780.815735251226,1,-734.177865206874,0,734.177865206874,0
123,127,3.91104541968404e-06,0.0025738436001963,0,856.277681174911,1,734.177865206874,0,-734.177865206874,0
124,128,0.0942817172281026,0.242629416892968,0,89.3695453679215,1,-8.55945190996837,0,8.55945190996837,0
121,129,0.0384390684599947,0.0503533527266329,0,14.1457052169215,1,0.60603042013736,0,-0.60603042013736,0
124,133,0.0136617063545856,0.0736487890342725,0,1920.81683771247,1,32.2090076987314,0,-32.2090076987314,0
126,134,0.0006702108510034,0.0128022943847705,0,538.087764773439,1,89.4070078126885,0,-89.4070078126885,0
128,136,0.0030002973642087,0.111093947093855,0,311.522813784559,1,15.193429178527,0,-15.193429178527,0
130,136,0.0214386609386982,0.0471676309000096,0,329.430144258353,1,-15.193429178527,0,15.193429178527,0
130,137,0.0003071842921286,0.113516421275536,0,272.188848727789,1,14.6884979926728,0,-14.6884979926728,0
132,137,0.0379228971646068,0.202297007999965,0,65.6572477145294,1,-5.07382146918721,0,5.07382146918721,0
128,138,0.0016041083979882,0.0207433162169283,0,1285.32716989574,1,136.44013117074,0,-136.44013117074,0
130,138,0.477683791340748,0.843054896484601,0,2.28686879080041,1,0.504931185854157,0,-0.504931185854157,0
131,138,0.0285481772781115,0.100757904670439,0,74.2278122195596,1,-4.73295358912982,0,4.73295358912982,0
132,138,0.0069075888252066,0.0263415654645318,0,309.467534763835,1,-86.1042189316921,0,86.1042189316921,0
135,138,0.0094573600061851,0.0912168406647501,0,925.245203405852,1,-38.0979913317834,0,38.0979913317834,0
137,138,0.0340608841276892,0.112715779856011,0,142.395450544244,1,-11.0162128053871,0,11.0162128053871,0
131,139,0.0282815974159378,0.0992630636547747,0,65.5050596246237,1,4.73295358912982,0,-4.73295358912982,0
134,139,0.0117444824491042,0.0273031222375914,0,428.590082655247,1,89.4070078126885,0,-89.4070078126885,0
135,139,0.0017463678649221,0.026858821773146,0,527.574363735485,1,-94.1399614018181,0,94.1399614018181,0
135,141,0.0001137864997565,0.0274024611007626,0,336.909720381967,1,-83.7338953478814,0,83.7338953478814,0
135,142,0.0129476887183422,0.0348900865883993,0,1777.99339736775,1,40.599263556345,0,-40.599263556345,0
142,145,0.123837211616042,0.0328774900364137,0,42.4731050915557,1,-4.93187451125143,0,4.93187451125143,0
143,145,0.0007205556500942,0.0604189277767271,0,315.337893840074,1,15.3486961556076,0,-15.3486961556076,0
140,146,0.0537222541043638,1.18140265609476,0,31.4660577996076,1,-0.481169822202951,0,0.481169822202951,0
143,146,0.004761576128882,0.370988786343313,0,31.4660577996076,1,0.613676963768317,0,-0.613676963768317,0
145,146,0.0072404564261984,0.127904230951603,0,76.4831457444362,1,-5.47037801088908,0,5.47037801088908,0
140,147,0.0008570689486682,0.0728166806112354,0,1117.90151820104,1,-16.7167097135505,0,16.7167097135505,0
141,147,0.0098977089481548,0.0136561924671217,0,269.641536123048,1,161.127963199729,0,-161.127963199729,0
144,147,0.0031657384040864,0.0136220974420763,0,688.238120339821,1,-200.633223815868,0,200.633223815868,0
146,147,0.0112017881239677,0.121546590762945,0,69.6294227547145,1,-5.33787086932371,0,5.33787086932371,0
142,148,0.0179474354399377,0.0270492318381295,0,3666.17089105867,1,44.0422331643776,0,-44.0422331643776,0
145,148,0.0052077171735894,0.0851916171513503,0,10612.9709382993,1,15.8871996552453,0,-15.8871996552453,0
143,149,0.0014910032726029,0.0159125370280179,0,1134.44632595937,1,135.475285699382,0,-135.475285699382,0
140,150,0.0132511452085282,0.0815186376576554,0,603.285524541648,1,17.1978795357534,0,-17.1978795357534,0
148,153,0.0085583626438398,0.0188749726832932,0,146.259893152522,1,59.9294328196226,0,-59.9294328196226,0
149,154,0.0032177109781681,0.0362315582398343,0,170.842414866874,1,66.4605340310964,0,-66.4605340310964,0
152,154,0.0066248727334205,0.0257942829138873,0,1102.58111015305,1,-208.060344896683,0,208.060344896683,0
150,155,0.0836456459460027,0.14273750432328,0,72.8817577084392,1,5.05594243347469,0,-5.05594243347469,0
151,155,0.0085587819039445,0.192910404774908,0,7.91943723692198,1,-1.02684877968661,0,1.02684877968661,0
150,156,0.0655489997004434,0.0795613005230397,0,218.770799365082,1,12.1419371022787,0,-12.1419371022787,0
151,156,0.416337449119112,0.954819851377247,0,31.4660577996076,1,0.0484550964992947,0,-0.0484550964992947,0
155,156,0.137031126986161,0.0606478088540203,0,42.5755090574308,1,4.02909365378816,0,-4.02909365378816,0
151,157,0.166291653971636,1.84778948593946,0,31.4660577996076,1,-0.064738775963448,0,0.064738775963448,0
149,158,0.0021257428794926,0.0178174750403287,0,187.045274314447,1,69.0147516682856,0,-69.0147516682856,0
151,158,0.0485627462198954,0.203405180231484,0,13.451613229098,1,1.31555847304617,0,-1.31555847304617,0
153,158,0.0019584190746863,0.0375360648807101,0,30.2633167645752,1,-0.707327400259761,0,0.707327400259761,0
143,159,0.0121092700514657,0.0880002845402074,0,894.281808169109,1,29.1566773192081,0,-29.1566773192081,0
153,159,0.0002945019881177,0.0011699440499633,0,1703.10289937811,1,-723.264075930945,0,723.264075930945,0
153,160,0.0030550092862672,0.0012810634949275,0,1631.22342376893,1,-660.786243265113,0,660.786243265113,0
151,161,0.373580590281251,0.773584013577055,0,31.4660577996076,1,-0.272426013895441,0,0.272426013895441,0
157,161,0.0881373711792369,0.642267249859464,0,31.4660577996076,1,-0.141873619889732,0,0.141873619889732,0
160,161,0.3480032689702,0.824579607616292,0,31.4660577996076,1,0.414299633785173,0,-0.414299633785173,0
157,162,0.021016272408712,0.16366709611875,0,137.788178491932,1,-9.27482006431242,0,9.27482006431242,0
129,163,0.0034914329070438,0.0314399856001093,0,129.801884775125,1,52.9420089177885,0,-52.9420089177885,0
133,163,0.0350360396238323,0.0655799174768386,0,103430.109379097,1,32.2090076987313,0,-32.2090076987313,0
159,164,0.0057260114596562,0.0241255482996436,0,451.423231014697,1,-86.5854952181999,0,86.5854952181999,0
135,165,0.0112028202188038,0.0101340148742627,0,772.910327731206,1,200.296354861062,0,-200.296354861062,0
154,165,0.0011676690483187,0.0142554077036006,0,782.683435825197,1,-200.690883827524,0,200.690883827524,0
162,165,0.0454151920590648,0.564135073770796,0,31.4660577996076,1,0.394528966461544,0,-0.394528966461544,0
157,166,0.0052264771154038,0.0571800839334602,0,904.526377063669,1,-34.552807059718,0,34.552807059718,0
160,166,0.0159839522373713,0.0376992806260454,0,3186.99358576309,1,-40.9288605260279,0,40.9288605260279,0
162,166,0.0012240453396796,0.047340264520864,0,144.013618947587,1,-9.66934903077408,0,9.66934903077408,0
163,166,0.001217830812809,0.0128441796609374,0,500.937407118199,1,85.1510166165198,0,-85.1510166165198,0
164,167,0.0012105788067171,0.0073262890961145,0,499.113904664539,1,-86.5854952181991,0,86.5854952181991,0
129,168,0.0003681726177736,0.0050803670811808,0,1078.21939420511,1,596.274613520037,0,-596.274613520037,0
135,168,0.106612941287593,0.228866285410766,0,115.611938118759,1,7.08095572999722,0,-7.08095572999722,0
142,168,0.0435077897014869,0.13706732628473,0,8.52541843387473,1,1.48890490321878,0,-1.48890490321878,0
160,168,0.0005240053251775,0.0021028308745561,0,1102.95895981886,1,-604.844474153252,0,604.844474153252,0
159,169,0.0033123215003084,0.0032356099825033,0,1873.36770529989,1,-502.058370380629,0,502.058370380629,0
129,170,0.0115228049132355,0.091622059695474,0,18.0103847369569,1,-3.63989515216883,0,3.63989515216883,0
143,170,0.0014326396315568,0.0114577733680085,0,378.751667516098,1,-180.594336137966,0,180.594336137966,0
153,171,0.0023670273454177,0.0147122198477568,0,637.474346785095,1,191.988157573585,0,-191.988157573585,0
122,173,0.0011860549940248,0.0009163401969028,0,2187.15583675605,1,1224.74819690052,0,-1224.74819690052,0
172,173,0.0015629421245677,0.0061928629030358,0,1536.08848657396,1,-553.061780367923,0,553.061780367923,0
170,174,0.0006090103753775,0.0076341093730415,0,584.061696619512,1,-184.234231290135,0,184.234231290135,0
172,175,0.0038622020798882,0.0226522547126368,0,852.365652408336,1,114.462771193447,0,-114.462771193447,0
125,176,0.0038469419528959,0.0029688263750215,0,2170.78255122332,1,236.230071348449,0,-236.230071348449,0
126,176,0.0125422467178675,0.030003948857598,0,466.4091119331,1,96.2314697390538,0,-96.2314697390538,0
129,176,0.0014474668401347,0.0207554149771082,0,430.97144758487,1,-87.5996825398913,0,87.5996825398913,0
141,176,0.0009763835425259,0.0038076768722227,0,261.196255926504,1,-244.861858547611,0,244.861858547611,0
121,177,0.019456398063197,0.0601826870123454,0,14.09876399932,1,-0.60603042013736,0,0.60603042013736,0
167,177,0.0052823551328864,0.0190011671869299,0,442.205063835774,1,-86.5854952181992,0,86.5854952181992,0
175,177,0.0040830530092137,0.0226442400047533,0,836.006644528568,1,114.462771193447,0,-114.462771193447,0
126,178,0.0011960605001796,0.0448438678854165,0,140.567788944398,1,59.3800905821722,0,-59.3800905821722,0
129,178,0.0010122582809357,0.0049580223520462,0,1269.81704250649,1,-411.990664299131,0,411.990664299131,0
173,178,0.0052159918922306,0.0123576260992514,0,5353.22922242499,1,536.844805007093,0,-536.844805007093,0
174,178,0.005193715307878,0.0016430169218029,0,611.566094256448,1,-184.234231290136,0,184.234231290136,0
172,180,0.0002267295552557,0.0021179615190084,0,1899.19574415898,1,-505.843418314332,0,505.843418314332,0
179,180,0.0079210090972064,0.0106257822925864,0,2594.32572955772,1,505.843418314331,0,-505.843418314331,0
181,183,0.0015222590810297,0.0098582468520355,0,798.640525191385,1,245.318691951474,0,-245.318691951474,0
181,184,0.0010000202615866,0.0083376205224628,0,1116.78151539375,1,628.681515807546,0,-628.681515807546,0
182,184,0.109300975269513,0.0506596734788192,0,47.3288388989226,1,47.3288388989179,0,-47.3288388989179,0
185,186,0.002689730843143,0.0090604966948086,0,1281.67722908175,1,-207.884643984712,0,207.884643984712,0
185,187,0.0003119696401294,0.0085308759264602,0,478.009266572404,1,258.544702265795,0,-258.544702265795,0
183,188,0.0098396180282761,0.0028122703412321,0,690.250309254673,1,245.204974439289,0,-245.204974439289,0
183,189,0.0933900100784382,0.140272538543963,0,31.4660577996076,1,0.113717512185207,0,-0.113717512185207,0
186,189,0.0053772941057591,0.084272677620883,0,264.236071792998,1,9.828218244162,0,-9.828218244162,0
188,189,0.0026144366062194,0.0700699705691414,0,256.33169282997,1,-9.61369367727021,0,9.61369367727021,0
181,190,0.0010322351746755,0.0034937406227831,0,613.348371139085,1,-532.04452544887,0,532.04452544887,0
186,190,0.0004771868394593,0.018167265526212,0,1195.02373883595,1,-190.72429837061,0,190.72429837061,0
191,192,0.0125743247833136,0.172679421180671,0,144.181350874356,1,8.10750269069032,0,-8.10750269069032,0
182,193,0.0002622853537743,0.0186931702654458,0,822.706102200479,1,122.138938337324,0,-122.138938337324,0
182,194,0.0038559835349593,0.0490267001885971,0,49.1365155748851,1,46.8387237789772,0,-46.8387237789772,0
187,195,0.0001783856230727,0.0053082307340483,0,1882.82683453583,1,-443.576084861368,0,443.576084861368,0
191,195,0.0033132289586028,0.0071574527953864,0,630.369483704804,1,313.597327939503,0,-313.597327939503,0
182,196,0.0471163668413697,0.184299854697211,0,20.2003626759921,1,-3.62529911406296,0,3.62529911406296,0
193,196,0.0181468315480029,0.0423989268226745,0,189.934364195367,1,-69.6080370779055,0,69.6080370779055,0
197,198,0.382313696241233,1.95258930788041,0,31.4660577996076,1,-0.282759045246051,0,0.282759045246051,0
196,201,0.0058927056785878,0.0405653903245274,0,211.043051151301,1,-73.2174855784934,0,73.2174855784934,0
197,201,0.0230835533364408,0.387893228539202,0,31.4660577996076,1,0.28275904524605,0,-0.28275904524605,0
199,201,0.034627675749886,0.0350667188959195,0,122.489543701807,1,52.3038372043747,0,-52.3038372043747,0
200,202,0.0173082282574001,0.0046382827924741,0,374.261753472746,1,-195.280193197808,0,195.280193197808,0
202,203,0.0018306546252794,0.0102430259532309,0,2609.10900426932,1,141.568558892684,0,-141.568558892684,0
202,204,9.54479419195387e-06,0.0032541224357401,0,716.293206179863,1,-469.332480639688,0,469.332480639688,0
203,206,0.0189504914986605,0.0155472433343755,0,1353.27427150016,1,127.804880075779,0,-127.804880075779,0
195,207,0.0680594011773034,0.194524988194266,0,2326.21707877277,1,-25.052853117612,0,25.052853117612,0
198,207,0.306946877466525,0.271466658866456,0,31.4660577996076,1,-0.28275904524605,0,0.28275904524605,0
205,207,0.0253463516922748,0.634196202399113,0,4.44584995235278,1,-1.43617628509121,0,1.43617628509121,0
182,208,0.0060527126259054,0.0344501375853656,0,737.035006599147,1,-206.796484199172,0,206.796484199172,0
199,208,0.000134259383199,0.0015805507651294,0,1779.36619201209,1,-1045.08215226135,0,1045.08215226135,0
200,208,0.0084873633521419,0.0140105885599763,0,406.836411365904,1,195.280193197808,0,-195.280193197808,0
202,208,0.000358617067967,0.027488320569686,0,346.776895411294,1,132.483728549196,0,-132.483728549196,0
203,210,0.0033695922825402,0.451873742122812,0,422.787130471781,1,13.7636788169049,0,-13.7636788169049,0
209,210,0.291479754230713,0.0217095354452286,0,535.358409750111,1,-13.7636788169049,0,13.7636788169049,0
182,211,0.0354537883921525,0.0501409945989439,0,1942.51032790162,1,-69.1372758168567,0,69.1372758168567,0
207,211,0.0386012339364607,0.277589627687224,0,15.4261001118332,1,3.2788633926369,0,-3.2788633926369,0
205,212,0.0738237424378528,0.632454270614212,0,5.36099638336456,1,1.43617628509121,0,-1.43617628509121,0
207,212,0.0280933545743931,0.164352071221977,0,87.5277137092709,1,11.0685150318815,0,-11.0685150318815,0
182,214,0.0069141216325556,0.177820648822031,0,31.8670621390612,1,3.77979578219624,0,-3.77979578219624,0
211,215,0.0554402651005682,0.265320000014104,0,89.953779161301,1,-35.8375591116435,0,35.8375591116435,0
209,216,0.0245179008174568,0.0868326183365262,0,589.024641269296,1,23.145195871675,0,-23.145195871675,0
216,217,0.0003234240454537,0.0057981180592197,0,509.443206225255,1,-253.500467356828,0,253.500467356828,0
182,218,0.0419753234360225,0.023380709681108,0,191.684505470914,1,65.4736380954699,0,-65.4736380954699,0
193,218,0.0573213598160745,0.009614089828729,0,353.478062520365,1,-78.2542975681494,0,78.2542975681494,0
214,218,0.0049226558413766,0.227180100500631,0,35.0587403927251,1,3.77979578219622,0,-3.77979578219622,0
209,219,0.0378647350539855,0.197777312940487,0,78.7379769882011,1,-9.38151705477014,0,9.38151705477014,0
211,219,0.0040056557211524,0.0467924417472116,0,2578.40958009955,1,-25.3550232010675,0,25.3550232010675,0
212,220,0.016179249141566,0.137664617135452,0,136.236168935016,1,12.5046913169727,0,-12.5046913169727,0
213,220,0.0704112533602174,0.125295049625694,0,138.059277751143,1,-12.5046913169728,0,12.5046913169728,0
181,221,0.0001882742527747,0.0019156143716034,0,5568.20455312805,1,941.428972768075,0,-941.428972768075,0
213,221,0.0001809773170291,0.001919571700535,0,5515.17109173719,1,-922.706926629796,0,922.706926629796,0
218,221,0.0254345025997781,0.285689210053884,0,145.55740955885,1,-9.00086369048358,0,9.00086369048358,0
215,222,0.0048657911126863,0.0659509762303964,0,3317.56091305136,1,189.75415705984,0,-189.75415705984,0
216,223,0.0019751190543426,0.0550297284003807,0,2020.2240880895,1,20.5839413134373,0,-20.5839413134373,0
193,224,0.0023894816899702,0.0221762727144187,0,1511.17000425921,1,137.032461256236,0,-137.032461256236,0
216,225,0.0002126178842778,0.0044410205573694,0,598.593867839388,1,256.061721915064,0,-256.061721915064,0
222,225,0.0049602586546801,0.0360516248262834,0,5130.4985157187,1,22.465295384855,0,-22.465295384855,0
223,226,0.000364696861637,0.0407148318552794,0,1745.63097254458,1,27.9699180466687,0,-27.9699180466687,0
226,228,0.221894197953211,0.300923085039262,0,16.3792680971665,1,-2.25077435637763,0,2.25077435637763,0
222,229,0.0652355233636255,0.116920660688884,0,79.7745751151177,1,14.9832320768607,0,-14.9832320768607,0
227,229,0.0004764793886557,0.0113917831682875,0,1131.33377003251,1,377.43433317574,0,-377.43433317574,0
226,230,0.0430498271399204,0.0305413172941164,0,16.3479125933716,1,3.20992659316852,0,-3.20992659316852,0
207,231,0.002128930116881,0.0848731619219459,0,707.329125831709,1,-15.6618826645206,0,15.6618826645206,0
208,231,0.0103635454599727,0.0697620830906842,0,4640.52507203452,1,20.3277127760296,0,-20.3277127760296,0
211,231,0.0381717800250719,0.479968605428604,0,69.92012043657,1,-4.66583011150891,0,4.66583011150891,0
219,232,1.20150147824225,1.50966879509161,0,12.3477208759608,1,2.51462183400087,0,-2.51462183400087,0
227,233,0.0015036718213211,0.0283768528390172,0,195.743947017004,1,57.702616461861,0,-57.702616461861,0
230,233,0.0027701055597783,0.0102923171671371,0,494.458804992216,1,-286.881137939464,0,286.881137939464,0
232,233,0.0658194915831251,0.148205749098329,0,32.2179571801524,1,-3.46919055255026,0,3.46919055255026,0
182,234,0.0053835249767219,0.116217814023607,0,32.965875809327,1,-6.00087576273061,0,6.00087576273061,0
196,234,0.741107691181515,1.84639941298976,0,31.4660577996076,1,-0.0158506134751629,0,0.0158506134751629,0
232,234,0.0274622615027981,0.21772175134192,0,31.4660577996076,1,0.732037294632137,0,-0.732037294632137,0
227,235,0.0033490287816371,0.0009810450472532,0,2514.77324240361,1,-435.136949637601,0,435.136949637601,0
226,236,0.0005703477790111,0.113261706765879,0,72.8348620807889,1,-5.25177509191901,0,5.25177509191901,0
232,236,0.100390124116896,0.332393761870845,0,64.9631837149895,1,5.25177509191898,0,-5.25177509191898,0
223,237,0.0479403245549959,0.0525551451684249,0,143.15948528667,1,-7.38597673323147,0,7.38597673323147,0
228,237,0.0544364136437764,0.377493027786516,0,16.9517865316215,1,-2.25077435637762,0,2.25077435637762,0
234,237,0.002884297674463,0.0678797503582503,0,176.955723000925,1,9.63675108960924,0,-9.63675108960924,0
188,238,2.23067362710758e-05,0.0065962958646407,0,1651.82668168867,1,324.495322172864,0,-324.495322172864,0
222,238,0.0184699906157028,0.0188107211206291,0,273.663805740644,1,152.305629598124,0,-152.305629598124,0
185,239,2.03104248964346e-05,0.0210809459698613,0,676.094191641217,1,-98.5578065624328,0,98.5578065624328,0
195,239,0.0169658579854091,0.0458611572220319,0,119.335669074655,1,-42.0552049228988,0,42.0552049228988,0
219,239,0.0078355204746124,0.212918522074361,0,184.880273571408,1,15.1276203606806,0,-15.1276203606806,0
234,239,0.0150058089655257,0.0492362652636415,0,346.808667572486,1,-14.921440171183,0,14.921440171183,0
235,239,6.73691362774452e-05,0.0048930090273807,0,1612.65133786124,1,409.393490576121,0,-409.393490576121,0
188,240,0.750497217713947,1.84305556172714,0,31.4660577996076,1,-0.328242079077012,0,0.328242079077012,0
189,240,0.0297132963108204,0.209183550702486,0,31.4660577996076,1,0.328242079077024,0,-0.328242079077024,0
242,245,0.0053632426815562,0.030023008822728,0,388.131016710683,1,-89.5077342579578,0,89.5077342579578,0
244,247,0.0222442607844733,0.0155303884819023,0,184.505146684009,1,-67.7040205531123,0,67.7040205531123,0
244,249,0.0807736404332559,0.0328427179342306,0,138.76794013029,1,-8.54150174344426,0,8.54150174344426,0
247,249,0.0045387022541692,0.0902585554201347,0,128.11466202758,1,8.54150174344436,0,-8.54150174344436,0
243,250,0.0005991515385735,0.0112044527010604,0,2544.61863876697,1,394.574409736941,0,-394.574409736941,0
244,250,0.0010251724720395,0.0050775311413346,0,3089.60188854099,1,526.777516251029,0,-526.777516251029,0
246,250,9.07436669939259e-05,0.006200456799154,0,1041.8191114851,1,362.032729090264,0,-362.032729090264,0
244,251,0.0013982237917948,0.0050979362592381,0,621.693431640727,1,-574.964256963752,0,574.964256963752,0
245,251,0.0074748482425063,0.0137936217949207,0,2005.47405472008,1,229.340284004694,0,-229.340284004694,0
247,253,0.0058850627964905,0.0181944602293009,0,339.505326287019,1,-86.9819916234311,0,86.9819916234311,0
248,253,0.0020270002789522,0.0142819149207727,0,727.053707941191,1,110.497091236108,0,-110.497091236108,0
252,253,0.0055498487707651,0.0578248878544048,0,719.828565174243,1,-23.5150996126775,0,23.5150996126775,0
246,254,0.0041678398257334,0.006313697431389,0,660.580766079792,1,-329.628098406433,0,329.628098406433,0
251,254,0.138687029459489,0.673474738700124,0,8.11319254045275,1,1.90047217554878,0,-1.90047217554878,0
252,254,0.12322614848665,0.714264385280506,0,2.54355797630067,1,-0.527688358859783,0,0.527688358859783,0
252,257,0.045145650186624,0.0351874319677418,0,1538.452537541,1,24.0427879715374,0,-24.0427879715374,0
255,257,0.78039129789402,1.15416798054268,0,31.4660577996076,1,0.0,0,0.0,0
248,258,0.0080256629217775,0.0038031567685139,0,798.752802586617,1,280.367205992623,0,-280.367205992623,0
251,258,0.0116628898179539,0.0006179669280432,0,770.571278540749,1,-347.524445134609,0,347.524445134609,0
256,260,0.0007149319024766,0.0008538331802143,0,528.617233494675,1,295.836633587099,0,-295.836633587099,0
257,261,0.002483659984249,0.0254776231276694,0,864.61152555155,1,-38.975186855706,0,38.975186855706,0
258,261,0.0121400841491127,0.0207681220585751,0,337.759971920647,1,83.0405587965067,0,-83.0405587965067,0
259,261,0.0101028317600382,0.0071953860544099,0,540.742248825206,1,-200.64135615305,0,200.64135615305,0
260,262,0.0061697350615124,0.0496138367499404,0,4977.46358214361,1,-21.2716206406695,0,21.2716206406695,0
256,263,3.74180723015034e-05,0.0038883379293593,0,2610.18952762296,1,-463.843859681814,0,463.843859681814,0
257,265,0.0113029054248425,0.110689180391756,0,12.6932850916527,1,3.40645135305986,0,-3.40645135305986,0
260,265,0.0043266498601844,0.0520838747024009,0,30.2064347339465,1,-4.3602527344822,0,4.3602527344822,0
262,265,0.0292079073408826,0.868386094748677,0,7.26854027978533,1,0.953801381422374,0,-0.953801381422374,0
259,266,0.0005921860642797,0.0125091458607918,0,822.102414731245,1,200.64135615305,0,-200.64135615305,0
260,267,0.0006944608820544,0.0043680989283614,0,398.558178625318,1,-257.815372837685,0,257.815372837685,0
264,268,0.156867772640581,0.025033878502879,0,43.5458271703547,1,5.13316033499112,0,-5.13316033499112,0
262,269,0.004868812665504,0.0411362802388258,0,2977.10883246915,1,-22.2254220220919,0,22.2254220220919,0
266,270,0.0070257098803527,0.0619224570181352,0,82.7499729228203,1,51.8373339505472,0,-51.8373339505472,0
267,272,0.0042639581115921,0.0092094804274214,0,464.101742728833,1,-288.65900498025,0,288.65900498025,0
264,273,0.0110230694973591,0.121576548941922,0,2.0471369173399,1,-2.04713691733427,0,2.04713691733427,0
266,273,0.0682195764490089,1.04165393672451,0,17.8420500758297,1,-2.38264357986925,0,2.38264357986925,0
269,273,0.0090465335027577,0.0450508432482337,0,83.0623261670435,1,40.9346512347186,0,-40.9346512347186,0
271,273,0.0215886171332245,0.0365325974667789,0,1218.57543004207,1,-36.5048707375151,0,36.5048707375151,0
264,274,0.0767934506135819,0.321837998624908,0,43.7411555364918,1,-3.08602341765677,0,3.08602341765677,0
266,275,0.0735235194704002,0.153351046178754,0,312.386675600849,1,-13.7083467242239,0,13.7083467242239,0
267,275,0.005772360329729,0.0395832252396984,0,976.922407665617,1,34.872511077268,0,-34.872511077268,0
268,275,0.0890208840628696,0.166553619032776,0,15.6718624327912,1,0.0138934204594765,0,-0.0138934204594765,0
266,276,0.0111671488781049,0.131443497852827,0,1022.08475116078,1,-13.1881041246328,0,13.1881041246328,0
269,276,0.0098847570105883,0.0202860197101884,0,1947.07793765397,1,127.799347621037,0,-127.799347621037,0
274,276,0.0003726850221704,0.0384607420501773,0,71.4935795504407,1,38.8114011287886,0,-38.8114011287886,0
271,277,7.65099993856833e-05,0.0196494340266521,0,2027.47729170049,1,-437.659275129792,0,437.659275129792,0
268,278,0.006853524980622,0.0684259185565063,0,77.8541288138846,1,9.40582193953445,0,-9.40582193953445,0
276,278,0.0081730949582935,0.092624374036061,0,31.4660577996076,1,2.94295355858902,0,-2.94295355858902,0
269,279,0.0085628786806247,0.0173404040207937,0,1152.70513405215,1,-109.593179346968,0,109.593179346968,0
272,280,0.011965409707713,0.0282433165788585,0,599.588355297429,1,-60.366092280043,0,60.366092280043,0
279,280,7.81913383832016e-07,0.0037983577876486,0,3493.20717101444,1,-426.361429176691,0,426.361429176691,0
276,281,0.006069028967621,0.0312258114836166,0,320.974863411156,1,57.9063364315019,0,-57.9063364315019,0
241,283,0.015222249171481,0.20156530347384,0,62.6773835197426,1,4.6400497062085,0,-4.6400497062085,0
275,283,0.0955683196234036,0.0680498165943812,0,3379.24461834275,1,21.1780577735037,0,-21.1780577735037,0
281,283,0.0004691136434101,0.0463708944421099,0,676.954959757488,1,-15.8657317700676,0,15.8657317700676,0
271,284,0.0024421002089023,0.0178492545409414,0,233.60742204904,1,-109.229593165065,0,109.229593165065,0
278,284,0.0105813442506696,0.0060484499456996,0,328.788293186584,1,-270.654107754475,0,270.654107754475,0
279,285,0.0149942544739526,0.0939107454528288,0,31.4660577996076,1,3.48170170716349,0,-3.48170170716349,0
280,285,0.0064248749576671,0.0082611887225059,0,1915.72852344607,1,235.612878849711,0,-235.612878849711,0
260,286,0.0071158472047394,0.0136740742667354,0,623.700264711948,1,-143.484944019541,0,143.484944019541,0
279,286,0.0126837199180031,0.0114178249706912,0,1082.10673790705,1,167.107495045305,0,-167.107495045305,0
267,287,0.0920153901454259,0.278434382645047,0,94.438521603172,1,-4.02887893470283,0,4.02887893470283,0
274,287,0.012296959537544,0.0328929136440066,0,81.6543390363852,1,-41.8974245464453,0,41.8974245464453,0
278,287,0.0007375126404664,0.0023755504829309,0,1837.4663309985,1,-1323.24398437367,0,1323.24398437367,0
280,287,0.0002287607970723,0.0022612231709577,0,2325.19981287925,1,1433.54257737852,0,-1433.54257737852,0
284,287,0.0022789013248713,0.0360133793833283,0,120.714035889881,1,-41.828761659083,0,41.828761659083,0
278,288,0.0020107299584219,0.0235069272227528,0,513.411687696048,1,-96.770410110318,0,96.770410110318,0
279,288,0.0011262767220867,0.024525371340687,0,717.270230646225,1,101.557864359816,0,-101.557864359816,0
282,288,0.0363337613732089,0.111848748522761,0,234.493105278937,1,-10.0544491460019,0,10.0544491460019,0
268,289,0.0247006569531116,0.325353998509434,0,43.1988443514705,1,3.37552936726535,0,-3.37552936726535,0
281,289,0.0175550542690635,0.0121265516181731,0,705.467828623823,1,-89.1385430282844,0,89.1385430282844,0
288,289,0.0192195777283427,0.0367716957053373,0,500.527561196686,1,74.2259747928141,0,-74.2259747928141,0
284,290,0.013335735803954,0.0232065981891125,0,781.797534906178,1,-131.739079278452,0,131.739079278452,0
287,290,0.0132022690420738,0.186762908082295,0,73.7156033147865,1,-8.30368744939409,0,8.30368744939409,0
241,292,0.130109167170564,0.272110823931136,0,31.2229555446647,1,-1.98921180797149,0,1.98921180797149,0
282,292,0.0064411629255674,0.0470949006166033,0,250.562003577515,1,10.0544491460019,0,-10.0544491460019,0
289,292,0.035871416567611,0.140271646542514,0,153.692079405346,1,-8.0652373380304,0,8.0652373380304,0
241,293,0.0825166657644914,0.28561045183628,0,16.0201204474741,1,-2.65083789823701,0,2.65083789823701,0
246,293,0.0026062793840057,0.372685421909008,0,2.190611468503,1,-0.673803195949119,0,0.673803195949119,0
247,293,0.0106498997479309,0.370059210745355,0,28.6284917155867,1,3.32464109418611,0,-3.32464109418611,0
242,294,0.0162625230624418,0.136393778098825,0,13.7172172402301,1,3.93267019940833,0,-3.93267019940833,0
243,294,0.0002906302454677,0.0028418134584492,0,2435.19615560869,1,-395.740248336248,0,395.740248336248,0
284,294,0.0026112887565395,0.011173123689306,0,1067.50671285252,1,-206.315859982005,0,206.315859982005,0
286,294,0.0021800173364381,0.0162470317140523,0,310.464197648363,1,-66.7639031568076,0,66.7639031568076,0
288,294,0.0003362232588551,0.0209827218728116,0,304.322575036334,1,-79.4680246120435,0,79.4680246120435,0
289,295,0.0708742696562952,0.209479520936925,0,27.9651597962066,1,-3.47180153017432,0,3.47180153017432,0
291,295,0.0401049770172953,0.172951566799721,0,35.6867066219532,1,3.4718015301743,0,-3.4718015301743,0
246,296,0.0706097552105996,0.162598898447235,0,7.15176490678282,1,4.80541800014026,0,-4.80541800014026,0
268,296,0.015428888111634,0.0565487936294686,0,181.230730555778,1,13.8565150769811,0,-13.8565150769811,0
286,296,0.0062714956471501,0.0331629603869454,0,462.652524050711,1,90.3864541825725,0,-90.3864541825725,0
245,297,0.0050737203183972,0.0494961867517831,0,538.3540509669,1,28.6468671905808,0,-28.6468671905808,0
290,297,0.0086078155958546,0.0367841024479215,0,2653.2347222773,1,-28.6468671905808,0,28.6468671905808,0
243,298,0.0233196511262093,0.974856271676984,0,12.2566948733279,1,1.16583859930664,0,-1.16583859930664,0
246,298,0.0275924244086983,0.203627961684454,0,40.9969639619498,1,-5.10586530182086,0,5.10586530182086,0
247,298,0.0341069876628928,0.0595984863354864,0,84.7491211650083,1,7.41182823268856,0,-7.41182823268856,0
291,298,0.0694688156303378,0.232732355247731,0,35.3142087902513,1,-3.4718015301743,0,3.4718015301743,0
248,299,0.0073679279165833,0.0344482947467409,0,704.228666520035,1,8.00391900252724,0,-8.00391900252724,0
294,299,9.9062916255603e-05,0.0014315310143074,0,2865.50458750051,1,-744.355365887697,0,744.355365887697,0
242,300,0.0079767566708318,0.0328716027063022,0,316.401390193396,1,85.5750640585494,0,-85.5750640585494,0
10,115,0.0001051182264577,0.0009756167735949,0,2589.80221054928,1,818.086193832268,0,-818.086193832268,0
7,101,2.72420592060393e-06,9.30021580819222e-05,0,7870.57292290206,1,2924.92343489246,0,-2924.92343489246,0
5,73,0.0008587874967149,0.002382907490048,0,2165.7988569092,1,450.660930737769,0,-450.660930737769,0
17,78,0.0027797277282622,0.0023993925443261,0,2298.60304273427,1,679.815112185748,0,-679.815112185748,0
106,132,0.0004600199154483,0.0098225273015339,0,437.262757805725,1,-91.1780404008789,0,91.1780404008789,0
106,129,0.0033946214914539,0.0093631901365691,0,341.757504708103,1,-117.186789195305,0,117.186789195305,0
102,124,0.0008894299001173,0.0107804763512008,0,1459.0007008328,1,-241.464449499257,0,241.464449499257,0
89,160,0.0189186625017381,0.0083179178245155,0,2070.43090300053,1,15.4272082196172,0,-15.4272082196172,0
125,233,0.0005226979480436,0.0210621212231291,0,1118.0439813446,1,232.647712030153,0,-232.647712030153,0
137,201,0.0068967624356826,0.0454677974504182,0,1192.82412474283,1,20.6308893288727,0,-20.6308893288727,0
172,208,0.0010607630379829,0.0019896255179605,0,2589.83873252612,1,944.442427489551,0,-944.442427489551,0
177,186,0.0078074519544331,0.0946257033424674,0,1095.76699578684,1,27.2712455551102,0,-27.2712455551102,0
181,250,3.04591203339672e-05,0.0006149973967958,0,4638.81569892037,1,-1283.38465507823,0,1283.38465507823,0
217,281,0.0001419547928779,0.0056941419948024,0,569.863502089047,1,-253.500467356827,0,253.500467356827,0
235,271,0.0001386467598583,0.0025520033062765,0,1152.53874342861,1,-583.393739032372,0,583.393739032372,0
190,260,0.0008504240467216,0.0019775671629162,0,1825.57926950164,1,-722.76882381948,0,722.76882381948,0
272,16,0.0003249623405719,0.0333538107513216,0,1036.35979531832,1,-108.05630168744,0,108.05630168744,0
278,7,0.0004885822134226,0.0012148296964891,0,3984.22008056723,1,1660.17578093168,0,-1660.17578093168,0
280,36,2.70854134117965e-05,0.0002359024923678,0,3981.26240111968,1,-2327.994118864,0,2327.994118864,0
299,54,0.0001009895578398,0.0007765520010662,0,2934.74408589058,1,-756.93180353902,0,756.93180353902,0
