from_bus,to_bus,resistance,reactance,susceptance,line_rating,line_status,P_from,Q_from,P_to,Q_to
4,5,0.0006075944244071,0.0020750363068222,0,2200.71332459644,1,717.328470385387,0,-717.328470385387,0
3,7,0.0090890454003358,0.0234968862913208,0,156.723645017406,1,0.173837014655609,0,-0.173837014655609,0
2,8,0.0110214256466961,0.0133408283326386,0,447.261584281317,1,-447.261584281317,0,447.261584281317,0
1,9,0.0573985133454226,0.114295138218811,0,16.2125774196809,1,-0.466930658676656,0,0.466930658676656,0
7,10,0.0146815719772095,0.0148285785948147,0,973.11554403718,1,-1.51479837275779,0,1.51479837275779,0
3,11,0.0014708452200679,0.0056808859850737,0,1647.93020753629,1,422.750497311219,0,-422.750497311219,0
2,12,0.0011335287593655,0.0023763418975712,0,2484.74871771118,1,653.683421755626,0,-653.683421755626,0
6,12,0.002171737029322,0.0092788245578623,0,479.157941447523,1,228.308543263908,0,-228.308543263908,0
4,13,0.103921510868131,0.145661049547369,0,31.6093031694051,1,1.1521517934358,0,-1.1521517934358,0
7,13,0.0087623084852661,0.177365451645402,0,31.0544164449529,1,-1.1521517934358,0,1.1521517934358,0
6,14,0.0287130112352219,0.783439146090984,0,16.2125774196809,1,1.63908280631188,0,-1.63908280631188,0
7,16,0.001825229137743,0.0417251782958849,0,651.911651316841,1,2.84078718084921,0,-2.84078718084921,0
14,16,0.0132172819232681,0.386722653483337,0,16.2125774196809,1,1.74245792225613,0,-1.74245792225613,0
9,17,0.035727976236314,0.121970529068361,0,16.2125774196809,1,-0.466930658676667,0,0.466930658676667,0
17,19,0.0002070603042966,0.0005764703443358,0,2180.32566421743,1,444.358965494744,0,-444.358965494744,0
10,20,0.0048251825236186,0.005966135530218,0,1999.05128145889,1,479.635183428449,0,-479.635183428449,0
18,22,0.0014978689450853,0.0036795028922341,0,3686.24298232643,1,326.435565514219,0,-326.435565514219,0
20,22,0.0061364509501095,0.0505273633515233,0,1145.98460546159,1,-7.12047770962407,0,7.12047770962407,0
21,22,0.0189206340438326,0.19447297187646,0,6.98947497793221,1,-3.33300561752865,0,3.33300561752865,0
20,23,0.000363722572811,0.0108393598323406,0,1626.18686378082,1,486.755661138073,0,-486.755661138073,0
19,24,0.0009001272751961,0.0140414390906894,0,2192.41873175996,1,445.998385395835,0,-445.998385395835,0
21,24,0.0020553237076742,0.0069694721978445,0,2656.14117323004,1,477.495520941515,0,-477.495520941515,0
14,26,0.0049720681304995,0.0138579589904234,0,580.458070756555,1,217.706371225541,0,-217.706371225541,0
16,26,0.0129546727440875,0.0303142090355156,0,525.158871815471,1,77.2943806772044,0,-77.2943806772044,0
24,26,0.0036719704812486,0.0135380947784609,0,432.888549874118,1,-295.000751902745,0,295.000751902745,0
18,27,0.0004660589676979,0.0137295894064471,0,503.209785654955,1,199.264467795832,0,-199.264467795832,0
24,27,0.0023592464836389,0.0122519211469605,0,464.982112246623,1,-199.264467795832,0,199.264467795832,0
18,28,1.39948598119251e-05,0.0040101851313166,0,632.365879233365,1,528.894080792674,0,-528.894080792674,0
23,29,0.0755457124605295,0.0873937276490991,0,31.5103539765867,1,-8.30400968325513,0,8.30400968325513,0
24,29,0.0213837972056997,0.112488922271594,0,37.317292633087,1,8.30400968325506,0,-8.30400968325506,0
22,30,0.0068996569084701,0.0609318239402382,0,313.05551107901,1,23.9659619400868,0,-23.9659619400868,0
23,30,0.0223708791066695,0.0290936251855234,0,732.329071740331,1,-143.52315759402,0,143.52315759402,0
25,30,0.0022120772856952,0.0131894798685566,0,2612.30637374079,1,-65.7877412292451,0,65.7877412292451,0
2,32,0.0108260336734438,0.010538170786037,0,174.250405266613,1,24.3646963102544,0,-24.3646963102544,0
15,32,0.0023710891583858,0.0089651040645639,0,285.317746903245,1,198.301674728689,0,-198.301674728689,0
18,33,0.0048896555533002,0.0128208894293437,0,812.374323193598,1,-354.350030029403,0,354.350030029403,0
31,34,7.5725108223539e-05,0.0030803900632544,0,1385.92339179535,1,-551.968392594324,0,551.968392594324,0
25,35,0.0021012132104394,0.0049691075696555,0,1744.71932148072,1,-370.295800101536,0,370.295800101536,0
30,35,0.0057735007493947,0.022285545880133,0,260.180017842027,1,-43.6306824156405,0,43.6306824156405,0
30,37,0.0003863584300183,0.007029227059638,0,1158.89559098208,1,-447.850556598004,0,447.850556598004,0
33,37,0.0037377621778324,0.0330839617265899,0,294.075308147076,1,122.610759788425,0,-122.610759788425,0
36,37,0.0025395901943084,0.008136714562834,0,692.413374938935,1,325.239796809578,0,-325.239796809578,0
15,38,0.0011216843990221,0.0095270138080083,0,560.233077247181,1,-246.65658772783,0,246.65658772783,0
31,39,0.0061758195114625,0.0222214724147906,0,456.705834746846,1,280.018236839784,0,-280.018236839784,0
30,40,0.0002272915795095,0.0055780186068219,0,587.850002728132,1,306.136302130467,0,-306.136302130467,0
19,41,0.0760604447582599,0.338824905184791,0,19.8682121842738,1,-1.63941990109121,0,1.63941990109121,0
31,41,0.0093090928723779,0.001508480772198,0,1048.18286045409,1,-221.026951137851,0,221.026951137851,0
32,41,0.0006335983951986,0.002941985953386,0,746.517236645416,1,222.666371038943,0,-222.666371038943,0
36,42,0.0156998858882024,0.0159805941509337,0,1761.55681534498,1,107.401069134901,0,-107.401069134901,0
33,43,0.0099220375338054,0.0004734755899887,0,2163.32822849094,1,-476.960789817828,0,476.960789817828,0
34,43,0.000494004975115,0.0031909530342026,0,1644.73655451838,1,-551.968392594324,0,551.968392594324,0
14,44,0.0061154063032602,0.255524413258196,0,14.4632222570795,1,4.51879996928132,0,-4.51879996928132,0
21,44,0.0023192398512178,0.02690345010572,0,412.879317612466,1,-93.9715398902527,0,93.9715398902527,0
38,45,8.43568599482601e-06,0.0001206548075366,0,5240.28899333001,1,-2338.61821275532,0,2338.61821275532,0
38,46,4.20661833865433e-06,0.0007424442772061,0,3372.539956944,1,1197.52388084952,0,-1197.52388084952,0
43,46,0.0003923305979009,0.0006392475342102,0,5106.59281059917,1,-1197.52388084952,0,1197.52388084952,0
38,47,1.60331384972198e-05,0.0004941929887124,0,6213.91807999045,1,894.437744177971,0,-894.437744177971,0
18,50,0.0097230952704515,0.0075564218013801,0,3453.51814968701,1,-310.609001891862,0,310.609001891862,0
16,51,0.0024471454191823,0.0207412250180657,0,178.269954416142,1,-72.7111355740992,0,72.7111355740992,0
43,51,0.0050381982723587,0.0124625481211774,0,196.283396891775,1,168.594698437368,0,-168.594698437368,0
44,51,0.0012540721782024,0.0222344646516411,0,463.439978567395,1,-89.4527399209713,0,89.4527399209713,0
50,51,0.0024040361520454,0.0498691493574,0,183.640433399085,1,-6.43082294229704,0,6.43082294229704,0
47,52,0.0003446867620782,0.0130009320409246,0,819.269186465825,1,92.7003886710922,0,-92.7003886710922,0
2,53,0.0009430331686301,0.0043797256659534,0,805.210564580417,1,-252.876259557349,0,252.876259557349,0
4,53,0.0026782425670647,0.0028989983832269,0,1098.78258515962,1,-693.250024528969,0,693.250024528969,0
14,53,0.0005571651659913,0.007772577872633,0,921.967279980061,1,-235.004485414433,0,235.004485414433,0
15,53,0.0010726828379562,0.0085515028217778,0,58.2046430123086,1,48.3549129991413,0,-48.3549129991413,0
47,53,0.0011366237334217,0.0020057632635467,0,1359.89514289842,1,1157.35643994236,0,-1157.35643994236,0
49,53,0.0023482552712558,0.0784806580264433,0,82.1774536784548,1,8.57611869517574,0,-8.57611869517574,0
50,53,0.19549292844208,0.0396004480402182,0,103.964542575686,1,-33.1567021359231,0,33.1567021359231,0
48,54,0.0002432927634438,0.0003594671254185,0,10824.4203040399,1,1251.02034993899,0,-1251.02034993899,0
50,54,0.0020407334448642,0.0015818170470358,0,4769.47272852251,1,-260.051983410289,0,260.051983410289,0
1,56,0.0046459110823134,0.113341420997028,0,244.997520173733,1,-7.2242331625705,0,7.2242331625705,0
3,56,0.0001331174918281,0.0007553915212404,0,2310.38488133632,1,-1016.18954366157,0,1016.18954366157,0
4,56,0.0038565829087372,0.0158351394084997,0,1272.32846914913,1,-25.2305976498543,0,25.2305976498543,0
49,56,0.0519939297943259,0.996329359738667,0,2.74855417431784,1,2.29167201119668,0,-2.29167201119668,0
50,56,0.0001797194110153,0.0869883325505648,0,8.96557235209903,1,3.41632492892049,0,-3.41632492892049,0
54,56,8.94939035463561e-05,0.0007149926207771,0,1827.15710242298,1,990.968366528698,0,-990.968366528698,0
55,56,0.0002590875909718,0.0888915928238826,0,419.410936256728,1,-8.69966129099024,0,8.69966129099024,0
18,57,0.0004080109239798,0.009101629572641,0,1061.47111243549,1,-389.63508218146,0,389.63508218146,0
52,57,0.0001939548933913,0.0023881955831121,0,615.226248762485,1,515.029126040291,0,-515.029126040291,0
2,58,0.002362431160656,0.0595408049384658,0,2922.75411068289,1,-37.5698435643582,0,37.5698435643582,0
8,58,0.0256513283158279,0.0646102162538666,0,184.179307377113,1,57.729280363207,0,-57.729280363207,0
49,58,0.0673713393381654,0.0419911145475621,0,90.7615410838279,1,-10.8677907063724,0,10.8677907063724,0
57,58,0.053680590588378,0.13379855170605,0,92.2513152713843,1,-9.29164609247643,0,9.29164609247643,0
1,59,0.226561186025535,0.375354178987929,0,6.8767764115166,1,-4.18175611550323,0,4.18175611550323,0
2,59,0.0040222384519101,0.0626457683255609,0,3501.19562473406,1,-3.96136503698863,0,3.96136503698863,0
6,59,0.022689722619379,0.0343941675227099,0,1072.95774952764,1,9.2136801558546,0,-9.2136801558546,0
50,59,0.0009816229721038,0.0315348325487621,0,785.404861990257,1,-14.3858183322732,0,14.3858183322732,0
55,59,0.0651265894085511,0.151636008136893,0,33.0682888687755,1,-10.0514485254142,0,10.0514485254142,0
57,59,0.0160279748669065,0.0319072410792112,0,836.450257564832,1,23.3667078543247,0,-23.3667078543247,0
1,60,0.040059816466524,0.126741176913907,0,315.925901498396,1,11.8729199367504,0,-11.8729199367504,0
21,60,0.002194336802192,0.0041442846966496,0,1006.6335404308,1,-380.190975433734,0,380.190975433734,0
42,60,0.0408658015095033,0.0157387989854881,0,1633.77267612995,1,107.401069134901,0,-107.401069134901,0
55,60,0.00267363013778,0.082675957020276,0,907.25552401064,1,18.7511098164045,0,-18.7511098164045,0
57,60,0.0102679125953787,0.0197164682486558,0,360.090701542004,1,193.746395764702,0,-193.746395764702,0
62,64,0.0006786777070801,0.0052561885759731,0,1511.96557976333,1,-491.716850003927,0,491.716850003927,0
63,67,0.005764571195523,0.0887430264092585,0,127.471013882954,1,-2.9597901344256,0,2.9597901344256,0
64,69,0.0006393770522118,0.0083133998217413,0,933.508987941112,1,471.229632067706,0,-471.229632067706,0
66,70,0.0116769772022343,0.0144165151057771,0,489.772656170166,1,90.432083892148,0,-90.432083892148,0
64,71,3.20072170217731e-05,0.0002712516196651,0,3958.56739164172,1,-1288.88057283658,0,1288.88057283658,0
62,72,0.0051985211237875,0.0006997222843833,0,1503.4845583012,1,491.716850003925,0,-491.716850003925,0
69,72,0.0014715510967769,0.0908293063626125,0,265.985631396541,1,-10.8874398767764,0,10.8874398767764,0
63,73,0.0056345381150667,0.048030183219208,0,2168.36918790146,1,-53.3738465575221,0,53.3738465575221,0
68,74,0.0187502624454688,0.0159308379758033,0,177.543848036869,1,-9.54742021419221,0,9.54742021419221,0
68,76,0.000127662191442,0.0008717748894592,0,1463.31787091208,1,-424.832386532921,0,424.832386532921,0
72,76,0.347043335887573,0.940184141583198,0,7.67047354297235,1,-1.70373458366462,0,1.70373458366462,0
74,76,0.0094862801086711,0.0228606050003752,0,143.073689585403,1,-9.54742021419221,0,9.54742021419221,0
73,77,0.0081785281311199,0.0477731349986117,0,1887.52180456227,1,-53.3738465575221,0,53.3738465575221,0
75,77,0.0012418951497708,0.0052118166582681,0,3266.71129859772,1,-441.851882766737,0,441.851882766737,0
69,79,0.0002003246405591,0.0051951301644782,0,1084.67890674818,1,265.095765188433,0,-265.095765188433,0
72,79,0.0005369245495724,0.0049035090008089,0,1092.08039997048,1,482.533144710811,0,-482.533144710811,0
78,79,0.0002314886440959,0.0012445722795978,0,1276.73646539352,1,-747.628909899245,0,747.628909899245,0
75,80,0.0029716156221256,0.0771830591032061,0,282.613476631916,1,23.1825247368179,0,-23.1825247368179,0
75,81,0.0220022046797029,0.192581599811405,0,109.555376216132,1,6.39083156905985,0,-6.39083156905985,0
75,82,0.0164658436111097,0.248252159931283,0,20.9155433629263,1,4.33609243784642,0,-4.33609243784642,0
80,82,0.0091520619902829,0.164400061526436,0,20.0542614663045,1,-4.33609243784647,0,4.33609243784647,0
75,83,0.0131845649482098,0.033115728166196,0,55.756201002993,1,6.16353027861951,0,-6.16353027861951,0
75,84,0.0068085823494618,0.0361160684143685,0,416.06519321847,1,67.0982389833152,0,-67.0982389833152,0
81,84,0.0526853310771831,0.186606079196939,0,101.082552506181,1,6.39083156905985,0,-6.39083156905985,0
75,85,1.02189029009756,0.711773928365181,0,16.2125774196809,1,0.0,0,0.0,0
84,87,0.0024276994234213,0.0118130014210265,0,377.71935501185,1,100.930148607911,0,-100.930148607911,0
70,88,0.0166699689115035,0.0071980397616497,0,429.865118841397,1,94.5242717447847,0,-94.5242717447847,0
80,89,0.0251322767590465,0.0588229185716885,0,2690.43626544913,1,27.5186171746644,0,-27.5186171746644,0
88,89,0.0048273215415998,0.0258313571858241,0,8993.14025929375,1,-46.9620187430653,0,46.9620187430653,0
66,90,0.0166919146171714,0.0509503583105574,0,180.611991223805,1,2.85094232990346,0,-2.85094232990346,0
84,90,0.01082565833404,0.03539370450615,0,894.942740021095,1,10.141442191774,0,-10.141442191774,0
88,90,0.0005834364689239,0.0194406289254566,0,279.402651293113,1,-94.5879088458289,0,94.5879088458289,0
86,91,0.0032892289776123,0.0070991071058098,0,831.387226020311,1,341.600547513196,0,-341.600547513196,0
61,92,0.0124107278140037,0.450438402478704,0,54.6619273292281,1,-8.88719363025005,0,8.88719363025005,0
66,92,0.0006421145793557,0.0860931947487389,0,26.608356285049,1,-17.3490551974295,0,17.3490551974295,0
90,92,0.0262544224210318,0.0539707351308347,0,720.648819629897,1,-30.3663108734256,0,30.3663108734256,0
86,93,0.0022043520898805,0.0056267700968465,0,1709.15659288284,1,-408.755304064338,0,408.755304064338,0
92,93,0.188986758605807,0.0561655539708186,0,89.1579158019993,1,27.151994226529,0,-27.151994226529,0
84,94,0.001401368732321,0.0197518166266746,0,755.36567189904,1,18.1929106426342,0,-18.1929106426342,0
93,95,0.0169566936795282,0.172994025105176,0,91.2163874352239,1,1.02367306083753,0,-1.02367306083753,0
88,96,0.0005728187211725,0.0003909104462453,0,3861.66945102628,1,-1441.76204474632,0,1441.76204474632,0
95,96,0.473261450403479,0.194391310487433,0,44.3680289996627,1,6.23507599231065,0,-6.23507599231065,0
94,97,0.0261461010075341,0.0571494055124746,0,115.407134019497,1,4.29937823422,0,-4.29937823422,0
94,98,0.0055967442032174,0.0268570164164954,0,90.2243944815797,1,14.5294110298842,0,-14.5294110298842,0
89,99,0.0108116215705042,0.0344309648842907,0,572.784947590448,1,-19.4434015684013,0,19.4434015684013,0
94,99,0.0020189689781705,0.0693515168988806,0,335.885966880863,1,-0.635878621470232,0,0.635878621470232,0
66,101,0.0071207843547308,0.095205250109241,0,21.5926108816552,1,-2.43440415906648,0,2.43440415906648,0
88,102,0.0025661289414063,0.0041762058873023,0,1954.74109043691,1,-616.31692232713,0,616.31692232713,0
99,102,0.0329660535153156,0.0523034143233108,0,1223.93113237865,1,-13.2174660384691,0,13.2174660384691,0
70,103,0.215236614982036,0.283948416693377,0,47.8793029728043,1,-4.09218785263602,0,4.09218785263602,0
95,103,0.0093901398214097,0.256784748338991,0,12.3976548245477,1,-0.259810175775366,0,0.259810175775366,0
102,103,0.0080105536423172,0.168085239621725,0,87.2779728956522,1,4.35199802841135,0,-4.35199802841135,0
96,105,0.0004641680083504,0.0004113465189623,0,2864.0805496474,1,-1435.52696875399,0,1435.52696875399,0
97,105,0.0020627075599899,0.0380026044707449,0,20.3489324224578,1,11.5424413714481,0,-11.5424413714481,0
98,105,0.0192242725084262,0.0202439805074178,0,87.3591507496955,1,14.5294110298844,0,-14.5294110298844,0
90,106,0.003677098389589,0.0229004580429377,0,425.213921326031,1,-51.2292134507256,0,51.2292134507256,0
93,106,0.0057782362004755,0.150150740709382,0,42.4572020065818,1,-7.05482453361006,0,7.05482453361006,0
97,106,0.0014598652588531,0.195950133691651,0,184.086590426824,1,-7.24306313722812,0,7.24306313722812,0
83,107,0.0327845306488124,0.013947838854244,0,97.0875125335224,1,2.42592819206102,0,-2.42592819206102,0
93,107,0.0004376569707601,0.0064712896603857,0,1567.98369196254,1,-375.572158365036,0,375.572158365036,0
100,107,0.0004898817012342,0.0062551692491828,0,1032.61845336101,1,372.300178279097,0,-372.300178279097,0
102,107,0.0001364311312676,0.0025621796162419,0,3473.85999439941,1,-706.157997211398,0,706.157997211398,0
104,107,0.0004171004592254,0.0019203512326734,0,2133.99057554814,1,772.531150226844,0,-772.531150226844,0
106,107,0.0056788237240174,0.0209249161399103,0,842.589224833213,1,-65.5271011215639,0,65.5271011215639,0
83,108,0.0369583006642076,0.530004428026161,0,41.4074359385645,1,3.73760208655878,0,-3.73760208655878,0
101,108,0.0289698508355929,0.0904483167257939,0,19.4493564886455,1,-2.43440415906648,0,2.43440415906648,0
100,109,0.0214533892613966,0.12516074321835,0,1238.51984625913,1,31.7500334608682,0,-31.7500334608682,0
104,109,0.0005692952337371,0.0503323341841199,0,331.629412349477,1,62.1586174347725,0,-62.1586174347725,0
104,110,0.0037599096658116,0.0323575106766783,0,419.460498872209,1,78.1913966806401,0,-78.1913966806401,0
109,110,0.0622183415508073,0.367551246921925,0,28.2146209119298,1,-1.62836980487449,0,1.62836980487449,0
109,111,0.0503710537238551,0.154226220734781,0,1093.77864174241,1,33.7971845760246,0,-33.7971845760246,0
110,111,0.257889244799921,0.687561661722904,0,129.366725603716,1,8.45149129796826,0,-8.45149129796826,0
111,112,0.0048305950331841,0.0034693113100867,0,690.40793281554,1,188.775234197828,0,-188.775234197828,0
61,113,0.0967729195688466,0.136863711968557,0,59.7221419537567,1,8.88719363025006,0,-8.88719363025006,0
112,113,0.0609679800885381,0.156122650344218,0,59.0348732064266,1,-8.88719363025006,0,8.88719363025006,0
69,114,0.00178118080222,0.0095054504050939,0,1891.61752485392,1,100.574643249968,0,-100.574643249968,0
109,114,0.0001225391242869,0.0116814621580535,0,166.342931502389,1,20.8491181931002,0,-20.8491181931002,0
99,115,0.0093334701041918,0.0375798017500437,0,141.494609737341,1,-6.86181415140235,0,6.86181415140235,0
65,116,0.0036461970669133,0.0031825860158911,0,3436.18042596796,1,470.920770006433,0,-470.920770006433,0
110,116,0.0250986907526665,0.0525376304586657,0,271.504221239703,1,68.1115355777973,0,-68.1115355777973,0
112,116,0.0001972435341431,0.0098989950978013,0,745.182780232979,1,-291.688473551954,0,291.688473551954,0
66,117,0.0039295394492856,0.0048082425726012,0,449.657068613619,1,-73.4995668655564,0,73.4995668655564,0
67,117,0.0122879591796853,0.0892875301950275,0,127.014464201127,1,-2.9597901344256,0,2.9597901344256,0
108,117,0.0668756415144697,0.07562325468677,0,5.98276582620184,1,1.30319792749223,0,-1.30319792749223,0
109,117,0.0004845703376321,0.0097969449080908,0,702.706636867063,1,40.8907179313903,0,-40.8907179313903,0
115,117,0.0256630093831316,0.0287235036758921,0,157.215238235549,1,-6.86181415140243,0,6.86181415140243,0
111,118,0.0046767433849557,0.0159234480810808,0,382.976099614751,1,-146.526558323834,0,146.526558323834,0
68,119,0.0070561486463068,0.117375497016633,0,1185.46896487407,1,34.1706907920981,0,-34.1706907920981,0
118,119,0.0279331493995364,0.0515351983774247,0,981.818446859948,1,-34.951372785345,0,34.951372785345,0
65,120,0.0124988800301781,0.111969399164423,0,43.3903419337049,1,-4.09079597434316,0,4.09079597434316,0
69,120,0.0025349121747101,0.0149044940861775,0,1102.73775871939,1,116.446663506078,0,-116.446663506078,0
118,120,0.0107246268574023,0.0166352803837953,0,805.283689671561,1,-111.575185538489,0,111.575185538489,0
119,120,0.0008691058629932,0.0702700532677819,0,4.44642297148692,1,-0.780681993246946,0,0.780681993246946,0
121,126,0.0008988216747966,0.0102763628063171,0,330.661309481029,1,-262.956752084528,0,262.956752084528,0
124,127,0.0001444642157242,0.001639056349176,0,1409.75783814277,1,-331.141318709608,0,331.141318709608,0
123,128,0.0001008561450459,0.0141101769480054,0,346.807792913965,1,-236.063119667872,0,236.063119667872,0
125,128,0.0023348042005309,0.0094918966456315,0,1454.98615426688,1,-229.558774069143,0,229.558774069143,0
125,129,0.0036900787195325,0.028296121503084,0,278.113509425275,1,70.8193877178415,0,-70.8193877178415,0
124,130,0.0009447605216537,0.0094629073412967,0,694.786461027072,1,-193.109683667839,0,193.109683667839,0
122,131,0.0003845358261991,0.0036677478690356,0,1099.74101030139,1,-421.520204842958,0,421.520204842958,0
124,132,0.0003870958514708,0.0112338857978477,0,1076.46230858155,1,-234.935497181385,0,234.935497181385,0
130,132,0.128779436020214,0.340510496544297,0,6.31788621532163,1,-2.38424221919615,0,2.38424221919615,0
123,133,0.0022777237037735,0.0070259154805199,0,2073.45230245955,1,427.208636597203,0,-427.208636597203,0
127,133,0.002430304200633,0.0070458257674913,0,5151.69356336882,1,-460.174681075104,0,460.174681075104,0
129,133,0.0022422468703394,0.0652053359611479,0,23566.8372831731,1,32.9660444779016,0,-32.9660444779016,0
124,134,0.0068683239727373,0.0273284267321876,0,271.859159754717,1,-30.1366352401822,0,30.1366352401822,0
131,134,0.0013126117027289,0.0411709370906154,0,1633.2658860528,1,-31.6217965032918,0,31.6217965032918,0
130,136,0.0646219198269602,0.0603636784985798,0,20.5030805319451,1,-20.5030805319451,0,20.5030805319451,0
127,137,0.003384055469492,0.0117309661248549,0,1700.29192682274,1,218.886395962541,0,-218.886395962541,0
136,138,0.000245536822925,0.0255127091021298,0,770.242361525267,1,130.837347863949,0,-130.837347863949,0
135,139,0.325498220753878,0.994174429955858,0,16.2125774196809,1,0.0,0,0.0,0
135,140,0.0013101051538583,0.0210866314406979,0,2516.88018523502,1,-292.661718287326,0,292.661718287326,0
135,141,0.0019510798048734,0.0076281421630396,0,1188.59945826157,1,363.58711326382,0,-363.58711326382,0
138,141,0.0035950997558445,0.0198619517989518,0,670.28185585285,1,193.134857468085,0,-193.134857468085,0
138,142,0.021175336913369,0.0074869329053831,0,321.716503153382,1,-62.2975096041365,0,62.2975096041365,0
136,143,0.00028374515839,0.059550109041029,0,28.2463645578901,1,15.3798099780812,0,-15.3798099780812,0
142,143,0.0632841348703814,0.120518567901891,0,314.350375468697,1,-16.2276120102546,0,16.2276120102546,0
134,144,0.0028104075033454,0.0357928111954898,0,1979.18566774082,1,-61.7584317434741,0,61.7584317434741,0
145,146,0.0009777547814491,0.0023500605722613,0,7601.65746583971,1,-881.347676912057,0,881.347676912057,0
140,148,0.0008562275076198,0.0198666897546282,0,730.615293868946,1,182.296456462753,0,-182.296456462753,0
144,148,0.0022600737579251,0.0160588279411905,0,150.952565032555,1,113.333794198773,0,-113.333794198773,0
145,148,0.005862024810843,0.0371319926691628,0,895.975811013963,1,-24.6380042886657,0,24.6380042886657,0
142,149,0.0070961814774313,0.0220431687378216,0,213.22301860156,1,-46.0698975938826,0,46.0698975938826,0
124,150,0.0051344844721245,0.0177456879297714,0,359.489020118588,1,134.180939379995,0,-134.180939379995,0
145,151,0.0013136492223887,0.0080494886495716,0,4003.54428039743,1,905.985681200721,0,-905.985681200721,0
144,152,0.0013172401025583,0.0113341231686557,0,574.283658286682,1,-175.092225942248,0,175.092225942248,0
149,152,0.007929372875761,0.0170732907210631,0,2173.95169117366,1,-223.135810327351,0,223.135810327351,0
143,153,0.0374081706239597,0.127812601564994,0,158.350586988908,1,-0.847802032173428,0,0.847802032173428,0
146,153,0.0171912080762425,0.133212960683245,0,158.456717550526,1,0.84780203217345,0,-0.84780203217345,0
147,155,0.0048651232238947,0.0007082236609548,0,290.020964743879,1,-253.814637860022,0,253.814637860022,0
126,156,0.0001927808162946,0.0019216297739321,0,1290.40976391644,1,942.978875384382,0,-942.978875384382,0
146,156,0.0017347617734359,0.0109980128140487,0,736.409444234764,1,-547.514814183153,0,547.514814183153,0
150,157,0.0016932504738373,0.0057979622675803,0,1485.04285468452,1,-441.97991630833,0,441.97991630833,0
151,158,0.0094202448322721,0.056197786660382,0,295.141759940534,1,0.509404174684569,0,-0.509404174684569,0
154,158,0.0444086594674845,0.0353998866591997,0,263.76392314726,1,-0.509404174684391,0,0.509404174684391,0
124,159,0.0004420838092391,0.0046194874340878,0,2884.73558896948,1,843.24858525032,0,-843.24858525032,0
155,160,6.22967311405452e-05,0.0008765363005937,0,1368.04562773077,1,-142.22343536845,0,142.22343536845,0
127,161,0.0201494768477094,0.26831953218012,0,9.58913575814172,1,-2.3755632910091,0,2.3755632910091,0
141,162,0.0004374676192737,0.0105420049757969,0,409.022000751832,1,280.666786174177,0,-280.666786174177,0
154,162,0.0158251445225902,0.0543136540546502,0,295.807912719832,1,0.509404174684125,0,-0.509404174684125,0
159,162,0.0109694333735844,0.175908861337714,0,1836.66149381422,1,18.0345913767315,0,-18.0345913767315,0
126,163,0.0006008174888602,0.0021864589873833,0,5416.37994565433,1,-873.291886948947,0,873.291886948947,0
155,163,7.47189217516466e-05,0.0007237951612308,0,2582.97955599707,1,1407.39471149459,0,-1407.39471149459,0
155,164,0.0003644860900075,0.0019273223498758,0,3629.90736017391,1,-1518.98591398616,0,1518.98591398616,0
157,165,0.0134660321465276,0.01386742415649,0,271.634258220704,1,-126.561740147037,0,126.561740147037,0
161,165,0.600602799060601,0.318394304658104,0,10.9867103725913,1,-2.37556329100911,0,2.37556329100911,0
160,166,0.0003424598846143,0.003002996447432,0,718.516367447597,1,98.4295544507145,0,-98.4295544507145,0
163,166,0.0024845145906426,0.0086127168654807,0,836.247845941364,1,-98.429554450715,0,98.429554450715,0
130,167,0.0127565682402359,0.0073508426761894,0,1363.3474203403,1,-187.965164385394,0,187.965164385394,0
163,168,0.0002304047585281,0.0035516471773794,0,2568.73210487712,1,632.532378996356,0,-632.532378996356,0
169,170,0.0007958014278154,0.0544225705308923,0,1457.32645841536,1,-50.5422716507248,0,50.5422716507248,0
124,172,0.0040332267425719,0.0073347015138812,0,379.630009567881,1,-188.106389831304,0,188.106389831304,0
167,172,0.0099954395513051,0.0422290507960832,0,88.306505212587,1,43.320347924095,0,-43.320347924095,0
169,172,0.0024605342155633,0.0543695986230456,0,3497.44143392612,1,50.5422716507248,0,-50.5422716507248,0
171,172,0.016765825117626,0.0419545960261834,0,66.894819121536,1,58.3312317939829,0,-58.3312317939829,0
165,173,0.0003760786987831,0.0195504565326695,0,253.634501065502,1,-128.937303438046,0,128.937303438046,0
170,173,0.007254510965776,0.101131833876922,0,88.3535626999238,1,23.9389440097771,0,-23.9389440097771,0
132,174,0.0034055954551211,0.0375090972089481,0,263.87748700938,1,-24.5840540440457,0,24.5840540440457,0
157,174,8.24536574568106e-05,0.0107156615317342,0,436.501342070931,1,-315.418176161293,0,315.418176161293,0
170,174,0.0063056102440317,0.0133437691307156,0,510.030401244877,1,248.576196013223,0,-248.576196013223,0
172,174,0.0040004480744537,0.0607492560888168,0,922.083560710461,1,-35.9125384625014,0,35.9125384625014,0
122,176,0.0001102890856704,0.0067514396909669,0,861.622433964105,1,-508.743786589024,0,508.743786589024,0
171,176,0.0046094553926314,0.142689112257847,0,19.8682461914342,1,16.9358156051692,0,-16.9358156051692,0
173,176,0.296463054521867,0.0644299005383419,0,347.466356883778,1,47.290268354349,0,-47.290268354349,0
175,176,0.0051110633840284,0.013356591333949,0,1831.09303953079,1,228.559735184464,0,-228.559735184464,0
123,177,0.010827786317987,0.0145240367735283,0,357.347502609248,1,153.69313487471,0,-153.69313487471,0
149,177,0.000669718198827,0.0232990051322105,0,406.318464572104,1,-143.585870210535,0,143.585870210535,0
156,177,0.001692871542554,0.0626240336911343,0,426.858349074344,1,61.281058162395,0,-61.281058162395,0
167,177,0.00158365579015,0.0058165145244177,0,336.146647769423,1,-231.28551230949,0,231.28551230949,0
168,177,0.0003841914151401,0.0083989508946758,0,2798.53252122647,1,632.532378996356,0,-632.532378996356,0
173,177,0.0001820937111615,0.0009583470792572,0,405.06531921668,1,-101.256276209583,0,101.256276209583,0
174,177,6.40594309196403e-05,0.0104351954751425,0,984.762970710124,1,-95.1580371573829,0,95.1580371573829,0
127,178,0.0069160059455563,0.020364804892702,0,1368.3517983416,1,-87.4774703060359,0,87.4774703060359,0
125,179,0.0013742814138547,0.025042712191992,0,196.016685690336,1,158.739386351301,0,-158.739386351301,0
175,179,0.17365490609732,0.170353960575972,0,81.6236578177666,1,2.93453010907659,0,-2.93453010907659,0
176,179,0.0035058485829013,0.0194964575703529,0,430.899873006125,1,-130.940205036317,0,130.940205036317,0
178,179,0.0057107681071252,0.0301108676348696,0,266.921963809263,1,-54.4341753699295,0,54.4341753699295,0
129,180,0.0138448741105753,0.0599346546780462,0,1563.35130888047,1,37.8533432399398,0,-37.8533432399398,0
173,180,0.0165586581744238,0.0798182448036886,0,9.91519452612805,1,9.91519452612808,0,-9.91519452612808,0
175,180,0.0406611815347955,0.0613716393075044,0,5181.19558653631,1,12.9911002005365,0,-12.9911002005365,0
176,180,0.0171588291592112,0.0265296780182965,0,6472.02125560839,1,-85.0177624087258,0,85.0177624087258,0
178,180,0.0229522181450742,0.035312223345835,0,10927.2217403256,1,-37.9948876918037,0,37.9948876918037,0
181,184,0.0268633313526071,0.058679616455342,0,676.094196876218,1,-31.7943178044776,0,31.7943178044776,0
181,185,0.0153487292698001,0.118392072226034,0,93.2076979350343,1,-7.82074316603087,0,7.82074316603087,0
184,185,0.012720808327059,0.120163054137085,0,87.2572285676087,1,7.82074316603089,0,-7.82074316603089,0
186,188,0.0002259024518905,0.0098598715840871,0,539.629818458337,1,305.951644356836,0,-305.951644356836,0
182,189,0.0070255300643402,0.0324025816855282,0,165.247833134989,1,-59.9695865021943,0,59.9695865021943,0
187,189,0.0711739160390345,0.135313436124972,0,6.76387753387981,1,-6.7638775338798,0,6.7638775338798,0
181,190,0.0174206627586732,0.0513454528895548,0,3188.64721277666,1,39.6150609705084,0,-39.6150609705084,0
187,192,0.0088831138537432,0.0018962165024887,0,268.398613642394,1,-268.398613642394,0,268.398613642394,0
191,192,0.0021556875937817,0.0037806640892937,0,6893.21483102387,1,516.647255116213,0,-516.647255116213,0
187,193,0.0093337761083355,0.169854103801901,0,664.995557200662,1,5.23178108641381,0,-5.23178108641381,0
190,193,0.092950553003878,0.0278423102591443,0,4050.60419965644,1,-40.0909980581984,0,40.0909980581984,0
191,194,0.103963868487313,0.242069869472515,0,16.2125774196809,1,0.0,0,0.0,0
192,195,0.0022831712632478,0.0170795628952408,0,421.560677574102,1,248.248641473819,0,-248.248641473819,0
187,196,0.0023960377569253,0.0018129820922804,0,1621.15586647891,1,-634.367126093887,0,634.367126093887,0
187,197,0.0292114403162286,0.141927302156256,0,210.695355203261,1,2.37339215971268,0,-2.37339215971268,0
193,198,0.0053461832933457,0.0158942306269504,0,1259.23251503338,1,-173.242690145942,0,173.242690145942,0
189,199,0.0075942271045292,0.0249870516249707,0,607.409629857967,1,-66.733464036074,0,66.733464036074,0
190,200,0.0107647080729381,0.0522085984403691,0,133.657650485654,1,-27.7653751288332,0,27.7653751288332,0
191,201,0.003698397499616,0.0023820250284002,0,579.319816130852,1,-516.647255116212,0,516.647255116212,0
197,202,0.0008307118111739,0.049386862418115,0,160.564514615405,1,1.6136145848388,0,-1.6136145848388,0
200,202,0.0079992538613613,0.197011797762279,0,82.2474115359762,1,-0.704189634833319,0,0.704189634833319,0
199,203,0.0091388581140811,0.0632267222930858,0,89.9007552799725,1,64.6342608431857,0,-64.6342608431857,0
199,204,0.0157134347115983,0.108154799648725,0,258.526410023132,1,12.359736144132,0,-12.359736144132,0
202,206,0.140554639397438,0.789415036307112,0,10.2344410718357,1,0.909424950005508,0,-0.909424950005508,0
205,206,0.0004959257070546,0.013073882439847,0,5955.41294911098,1,-29.5665278625988,0,29.5665278625988,0
200,209,0.0007767369564891,0.0280149360391611,0,71.3361244450875,1,-27.061185494,0,27.061185494,0
207,209,0.00306623311675,0.0268723723987545,0,456.276014616698,1,-91.5956690798039,0,91.5956690798039,0
203,211,0.038048551039418,0.0502921105527041,0,91.0509429791238,1,64.6342608431858,0,-64.6342608431858,0
205,211,0.0014576108191226,0.0828838868975175,0,11324.7256537333,1,39.0122423687148,0,-39.0122423687148,0
207,211,0.0006296925027167,0.0228798131914104,0,730.524148639673,1,109.089182144635,0,-109.089182144635,0
209,212,0.0124644607072666,0.0160820669822482,0,226.777803810657,1,-60.6481528607193,0,60.6481528607193,0
195,213,0.0014301451996391,0.0070377060322932,0,1351.12298975578,1,-412.955783253277,0,412.955783253277,0
212,213,0.0003798320345234,0.0076604461808704,0,1082.49731947333,1,261.468563960674,0,-261.468563960674,0
212,215,0.0003112768752551,0.0028383852492981,0,827.254635909469,1,-290.945238674485,0,290.945238674485,0
198,216,0.0023581917346886,0.190639914542698,0,93.1685029366975,1,11.8797572199962,0,-11.8797572199962,0
206,216,0.0019408751940232,0.0382684263632179,0,908.578358558371,1,-19.1964548874592,0,19.1964548874592,0
210,216,0.0027049534331761,0.0771585033011578,0,3119.87987122737,1,100.545245076658,0,-100.545245076658,0
197,217,0.111626698356959,0.0927350592481838,0,697.453419436586,1,0.759777574873932,0,-0.759777574873932,0
205,217,0.0180315038068935,0.117904937917834,0,49.981249723824,1,-9.44571450611597,0,9.44571450611597,0
208,217,0.0010934693249235,0.302092694090864,0,3.93448318108797,1,-3.93448318108797,0,3.93448318108797,0
214,217,0.0035118560503986,0.0242824168525277,0,750.122366970554,1,-156.512994614652,0,156.512994614652,0
210,218,0.0045070389471215,0.0254209511955497,0,278.815737148003,1,214.246135467629,0,-214.246135467629,0
212,218,0.0155674475812265,0.0235328297883917,0,194.776483210015,1,-31.1714781469082,0,31.1714781469082,0
213,218,0.0134209608794614,0.0191345559474374,0,254.752450885839,1,-143.014500007797,0,143.014500007797,0
217,220,0.0286581318777459,0.134122619172478,0,49.2672420005082,1,-4.08678442588656,0,4.08678442588656,0
219,220,0.0833936324896519,0.28064153814413,0,53.8046111773772,1,4.08678442588655,0,-4.08678442588655,0
188,221,0.0016205392896657,0.0257580398501005,0,284.520929278696,1,-86.7106715679795,0,86.7106715679795,0
208,221,0.105513710359529,0.28041311867345,0,4.80751650865759,1,3.93448318108797,0,-3.93448318108797,0
213,221,0.0121883509312993,0.051320286609325,0,122.294121618289,1,36.5234026006077,0,-36.5234026006077,0
216,221,0.0086498399315489,0.0146827730440838,0,919.242335982757,1,156.600552470305,0,-156.600552470305,0
214,224,0.000529452171819,0.0062549973864378,0,372.559791575945,1,-213.379623880918,0,213.379623880918,0
217,224,0.0012056361518011,0.0556361457648984,0,466.629489302107,1,44.320553742094,0,-44.320553742094,0
223,224,0.0201501451528867,0.406926926911308,0,144.281209458036,1,16.6762614310128,0,-16.6762614310128,0
218,225,0.0095128345055832,0.135192626081028,0,50.0965050140238,1,0.938308238479513,0,-0.938308238479513,0
219,225,0.0362001313458834,0.121647489252859,0,50.5496816751414,1,-4.08678442588656,0,4.08678442588656,0
223,225,0.213682957918676,0.675881327469644,0,16.2125774196809,1,3.148476187407,0,-3.148476187407,0
223,226,0.127105346776679,0.532139882473413,0,16.2125774196809,1,2.65366108641086,0,-2.65366108641086,0
218,228,0.0008886390635524,0.0377268375237375,0,137.088095990232,1,39.1218490744441,0,-39.1218490744441,0
223,229,0.0713673555814102,0.254547945070489,0,39.2576126477266,1,-17.1563020513202,0,17.1563020513202,0
227,229,0.333632382833343,0.814169012467267,0,16.2125774196809,1,-1.44153174395305,0,1.44153174395305,0
222,230,0.0015294791993581,0.0641023951150888,0,71380.3763384538,1,-26.5739755976673,0,26.5739755976673,0
227,230,0.0286442986161538,0.0834236756361837,0,180.286214337132,1,-36.8385427177352,0,36.8385427177352,0
206,232,0.0256817111611736,0.21427475840653,0,79.5278663101265,1,-9.46064802513406,0,9.46064802513406,0
207,232,0.0451825619847989,0.0872375281533549,0,624.832671497352,1,-36.1229120256522,0,36.1229120256522,0
209,232,0.0257174817385161,0.0118927092801632,0,146.988390537658,1,-58.0087017130847,0,58.0087017130847,0
226,232,0.0241230183315491,0.605972307749268,0,16.2125774196809,1,2.65366108641085,0,-2.65366108641085,0
228,232,0.0168300624899495,0.162760039758177,0,66.7823834559931,1,-2.80734462459309,0,2.80734462459309,0
223,233,0.0062852935718157,0.331552785715211,0,56.6770128949819,1,-5.32209665351047,0,5.32209665351047,0
229,233,0.0151400974547107,0.711301161629752,0,3.6588516949588,1,3.65885169495881,0,-3.65885169495881,0
184,234,0.155041781318819,0.129709323919984,0,85.5176436569496,1,-15.7245605306271,0,15.7245605306271,0
227,234,0.0182050842719467,0.112839519158238,0,158.50045988805,1,28.1093946589941,0,-28.1093946589941,0
228,234,0.0360864019783441,0.322914079096654,0,21.2501007175868,1,-10.8347333206177,0,10.8347333206177,0
232,234,0.276170156033864,1.96230102878795,0,16.2125774196809,1,-1.55010080774926,0,1.55010080774926,0
196,235,0.0225658011101047,0.0996279140470604,0,667.582749724739,1,-12.2266957428982,0,12.2266957428982,0
221,235,0.0083115247572177,0.0549177780948208,0,92.2721766193586,1,-92.2721766193586,0,92.2721766193586,0
184,236,0.0254122495295048,0.137005688736357,0,100.989724948852,1,2.34246061482146,0,-2.34246061482146,0
186,236,0.112858323587772,0.0745437287434876,0,860.635949436354,1,-46.8175559889145,0,46.8175559889145,0
213,236,0.0011741773247723,0.0533092763280781,0,147.377385778494,1,-44.9961218854141,0,44.9961218854141,0
227,236,0.0280922468546312,0.210658378659038,0,43.5286575660137,1,26.2624404384241,0,-26.2624404384241,0
232,236,0.0859000207901879,0.0066657491594139,0,1329.56378963354,1,-102.195844494304,0,102.195844494304,0
233,236,0.006406667005687,0.0704452777799767,0,887.909306961244,1,58.2510037189978,0,-58.2510037189978,0
227,237,0.0742299639222161,0.0524091859070071,0,35.6697690412978,1,-16.0917606357299,0,16.0917606357299,0
230,237,0.0019966624267052,0.176399998151398,0,25.3756156541522,1,12.6408763448581,0,-12.6408763448581,0
183,238,0.0156832722266042,0.486995017149541,0,16.2125774196809,1,-1.67833332239395,0,1.67833332239395,0
228,238,0.110311366930034,0.297654485160315,0,47.9941141518568,1,-16.4431193325041,0,16.4431193325041,0
229,238,0.0004690203897609,0.162780590655693,0,49.0093878581646,1,18.1214526548981,0,-18.1214526548981,0
229,239,0.0152990128363451,0.719422250438181,0,16.2125774196809,1,-1.09644008018699,0,1.09644008018699,0
230,239,0.0053413248620362,0.0727273956842726,0,91.4673676441005,1,15.2728247969014,0,-15.2728247969014,0
235,239,0.0005070773001273,0.0641210388406607,0,2414.45357384804,1,-104.498872362257,0,104.498872362257,0
237,239,0.323355692492928,0.324293049930534,0,16.2125774196809,1,-3.45088429087183,0,3.45088429087183,0
183,240,0.0613200832740338,0.474767202607065,0,16.2125774196809,1,1.67833332239395,0,-1.67833332239395,0
184,240,0.0347622152033703,0.0694220075573198,0,2167.87363718746,1,-26.2329610547029,0,26.2329610547029,0
231,240,0.0522918689748225,0.238597820516327,0,48.7383078138962,1,-4.40815703704867,0,4.40815703704867,0
233,240,0.0006191368708366,0.0677225240288555,0,4566.24006846746,1,28.9627847693576,0,-28.9627847693576,0
241,243,1.32594745063065,0.82775878278756,0,16.2125774196809,1,0.0,0,0.0,0
242,244,0.0019341482683546,0.0223995006160564,0,1291.31992348573,1,-44.5442508357925,0,44.5442508357925,0
245,246,0.0156884488108949,0.0439440832020179,0,608.06283092107,1,47.5236451046797,0,-47.5236451046797,0
242,248,0.0103012405586937,0.282789777457572,0,60.7275699699692,1,-9.15445448428436,0,9.15445448428436,0
245,248,0.0001422966818752,0.0835189822430159,0,56.2820129967569,1,9.15445448428436,0,-9.15445448428436,0
246,249,0.0232971349875097,0.017493619807739,0,306.401997942678,1,81.891641106527,0,-81.891641106527,0
247,249,0.170937065064171,0.159660762627191,0,3.66069820214212,1,0.091268966574154,0,-0.091268966574154,0
246,250,0.239256966186162,0.613999808733966,0,2.36864095065222,1,-2.28455693289024,0,2.28455693289024,0
246,252,0.043993045772108,0.0415229690887561,0,58.4396996936772,1,-32.0834390689571,0,32.0834390689571,0
247,253,0.264165254209764,0.334939288455723,0,3.96170260566591,1,-0.0912689665741484,0,0.0912689665741484,0
249,253,0.0914817596958821,0.0740993245688651,0,81.1303896494466,1,-0.60920441302954,0,0.60920441302954,0
252,253,0.0001590057779781,0.0162301826708722,0,566.016055919438,1,167.566767626201,0,-167.566767626201,0
249,254,0.0257700897446438,0.0758628459394391,0,540.28854712304,1,21.026927574734,0,-21.026927574734,0
245,256,0.184728925523655,0.584214711727328,0,16.2125774196809,1,-3.73888999390624,0,3.73888999390624,0
252,256,0.0946569308993011,0.465046365245373,0,6.65493419991022,1,-6.3230209405906,0,6.3230209405906,0
252,257,0.0144836299010782,0.0149821815021264,0,256.313828877097,1,-136.726117786533,0,136.726117786533,0
255,257,0.0024442135319932,0.004478910756852,0,368.394515152942,1,-130.143469503619,0,130.143469503619,0
257,258,0.0011348592405115,0.0084333758006264,0,1062.824244885,1,-262.209041779257,0,262.209041779257,0
243,259,0.0119103843044807,0.0872278525649478,0,6098.09493983406,1,-15.7415702032387,0,15.7415702032387,0
251,259,0.149827662603079,0.221543457774203,0,9.96622341017549,1,0.0522307812185596,0,-0.0522307812185596,0
255,259,0.0568622382098582,0.0204818926329637,0,192.971172782096,1,37.0875866768188,0,-37.0875866768188,0
252,260,0.0003124786803925,0.0095637817222313,0,512.263464620392,1,-270.582758023062,0,270.582758023062,0
258,260,1.84950324039738e-05,0.0405920014370979,0,208.966302303009,1,41.1896040027633,0,-41.1896040027633,0
258,261,0.0140451598991833,0.0049870470735647,0,499.594272283229,1,239.947866146643,0,-239.947866146643,0
255,262,0.010649888057997,0.0236713232886293,0,1142.74717351421,1,108.915885847993,0,-108.915885847993,0
255,263,0.0063652180195724,0.0335690326984067,0,254.261871937252,1,11.5450624030657,0,-11.5450624030657,0
257,263,0.0033791632418462,0.0460312045279809,0,665.927063858186,1,21.0826019601019,0,-21.0826019601019,0
261,263,0.0042355471019727,0.0190027379401721,0,2313.91054008417,1,104.465664528413,0,-104.465664528413,0
257,264,0.005867419675725,0.0346868311138992,0,1669.52749981748,1,-25.7431474709975,0,25.7431474709975,0
258,264,0.0041890043205886,0.0264101278170404,0,219.042019861712,1,49.9186974070343,0,-49.9186974070343,0
261,264,0.0866079648206341,0.34912738543003,0,4.21597471452976,1,0.348663211152223,0,-0.348663211152223,0
262,266,0.0237593542982595,0.0467827259060796,0,1207.7703279938,1,-21.0364101125025,0,21.0364101125025,0
263,268,0.230489059583773,0.732718377185768,0,26.8101731326283,1,0.853863242929953,0,-0.853863242929953,0
267,268,0.0069121115632902,0.203591770301287,0,24.8208187979518,1,-0.853863242929953,0,0.853863242929953,0
265,269,0.240323527340631,1.3713179786752,0,16.2125774196809,1,0.0,0,0.0,0
251,270,0.011930279081269,0.0242409627782801,0,194.924159885422,1,-31.3949594506672,0,31.3949594506672,0
256,270,0.0112152573568758,0.0527357167444617,0,622.89058521036,1,27.7222346782293,0,-27.7222346782293,0
265,270,0.0035205464261695,0.0559177778433097,0,144.847363201437,1,32.7639281075036,0,-32.7639281075036,0
270,271,0.0001077106419459,0.102711606318074,0,331.798542293819,1,-20.0665917780638,0,20.0665917780638,0
267,272,0.752053726877001,0.396773721128621,0,16.2125774196809,1,0.0,0,0.0,0
243,273,0.0013825228706738,0.0208370042392762,0,429.167318614706,1,87.5897684543591,0,-87.5897684543591,0
245,274,0.008856748211296,0.0299787041796979,0,271.993968699639,1,27.3617678163673,0,-27.3617678163673,0
259,274,0.0742345480381741,0.104767225907015,0,4831.19193809871,1,7.34979407583776,0,-7.34979407583776,0
265,274,0.003147170703676,0.0547368876448015,0,188.327271179057,1,61.6534692791588,0,-61.6534692791588,0
266,275,0.0037856622198941,0.0251796473975147,0,550.646608301089,1,-21.0364101125024,0,21.0364101125024,0
270,275,0.0098555580140709,0.0512133298857822,0,602.219441346025,1,21.0364101125024,0,-21.0364101125024,0
267,276,0.0116166678678291,0.0201542000665603,0,574.903370444622,1,-99.9004678579354,0,99.9004678579354,0
270,278,0.0001592964564503,0.008305456333122,0,870.859870765359,1,-109.886402134218,0,109.886402134218,0
270,279,0.0151115564665818,0.0163791970671926,0,720.569115107481,1,12.0513133464386,0,-12.0513133464386,0
276,279,0.0014983542297019,0.018948250248192,0,319.79110374622,1,53.3440280598245,0,-53.3440280598245,0
277,279,0.0299235028666752,0.120904238270727,0,2.0233363451533,1,-2.02333634515329,0,2.02333634515329,0
274,280,0.20054196667686,0.402341038397069,0,24.480854634907,1,-1.07221022304502,0,1.07221022304502,0
251,281,0.0004269695272607,0.112204988553172,0,56.7433194767923,1,1.86361076970171,0,-1.86361076970171,0
277,281,0.163535538991596,0.261019228968146,0,16.2125774196809,1,2.02333634515331,0,-2.02333634515331,0
280,281,0.10072803908812,0.131586438510376,0,22.3258412214327,1,-1.07221022304502,0,1.07221022304502,0
245,282,0.0037728129601384,0.0217443476197471,0,782.700276664569,1,-76.5593308340982,0,76.5593308340982,0
276,283,0.0076399668813863,0.0182366011243886,0,166.114340981585,1,17.0459229065091,0,-17.0459229065091,0
278,285,0.002506783150257,0.0388292438679249,0,4454.5754173901,1,12.3702624027739,0,-12.3702624027739,0
282,286,0.002515969769088,0.0109968413905407,0,1156.93984101471,1,-162.94798641103,0,162.94798641103,0
277,287,0.105222013392117,1.1711787791249,0,16.2125774196809,1,0.0,0,0.0,0
245,288,0.0024266944693906,0.164379513737348,0,20.3689386255514,1,-3.7416465773266,0,3.7416465773266,0
274,288,0.0012002354514056,0.0261225874686399,0,221.554472426095,1,-54.9455673134029,0,54.9455673134029,0
243,289,0.0634853110841279,0.526551379608098,0,18.5677068810611,1,-3.39007665338432,0,3.39007665338432,0
265,289,0.0161153223274211,0.780122772223614,0,16.2125774196809,1,2.81078233916217,0,-2.81078233916217,0
256,290,0.0456042513763517,0.0216858203476241,0,925.143269829454,1,-37.7841456127261,0,37.7841456127261,0
284,290,0.020117452596032,0.0261937536103767,0,109.521979574299,1,-101.236531477578,0,101.236531477578,0
284,291,0.0165167828763242,0.0286813594302643,0,101.236531477578,1,101.236531477578,0,-101.236531477578,0
282,292,0.0018230202181208,0.0680056181782983,0,3.07092971902286,1,1.59096477064131,0,-1.59096477064131,0
285,292,0.0250744462596726,0.0421549938427028,0,315.552789676815,1,-9.53260148788795,0,9.53260148788795,0
242,293,0.0027659380392457,0.006816126499329,0,877.584223360848,1,-394.968113841983,0,394.968113841983,0
243,293,0.0030616622374673,0.0122434741807415,0,303.52727755361,1,-62.2496457900398,0,62.2496457900398,0
283,293,0.0004892522675091,0.0065464979942951,0,804.930096001637,1,288.10706528677,0,-288.10706528677,0
242,294,0.0061730986703451,0.038775563899449,0,133.174565449032,1,-60.8110371591937,0,60.8110371591937,0
244,294,0.246827290670708,1.49217212268918,0,16.2125774196809,1,-0.911565939637456,0,0.911565939637456,0
292,294,0.0211327971035744,0.041344866273607,0,135.241856209719,1,61.7226030988312,0,-61.7226030988312,0
285,295,0.0054879619385196,0.146563941293965,0,97.0011323738062,1,-13.6826621904799,0,13.6826621904799,0
286,295,0.0001074538180233,0.0008986163486455,0,977.164610990925,1,330.029120481359,0,-330.029120481359,0
289,295,0.0020724440210653,0.018060848722241,0,535.563773897763,1,-154.941939739604,0,154.941939739604,0
292,295,0.0160998184853089,0.0099349024141128,0,792.699043559833,1,-161.404518551275,0,161.404518551275,0
288,296,0.0002037498742109,0.0390666371447917,0,226.408575638194,1,-58.6872138907294,0,58.6872138907294,0
250,297,0.047839887162671,0.0706592469616777,0,2.28455693289024,1,-2.28455693289025,0,2.28455693289025,0
251,297,0.0276815293162805,0.016471286719814,0,115.382154745208,1,29.4791178997472,0,-29.4791178997472,0
262,297,0.0003160142411196,0.0562104622362247,0,86.0539831680457,1,-23.9203078582392,0,23.9203078582392,0
281,297,0.0294243448494578,0.0982161348353317,0,19.9995743290487,1,2.81473689180995,0,-2.81473689180995,0
289,297,0.0489187523858654,0.0308998087107256,0,70.0086023824908,1,28.671173908622,0,-28.671173908622,0
290,297,0.0012764291187708,0.0468975763112925,0,143.325679522563,1,75.2263855276103,0,-75.2263855276103,0
243,298,0.0145122625977061,0.0983580278501199,0,8057.29570336917,1,-46.749620043598,0,46.749620043598,0
242,299,0.0732276361526715,0.0990500671775549,0,3563.29104246751,1,-32.2789454466374,0,32.2789454466374,0
291,299,9.22196163884367e-05,0.0074334973649123,0,1013.78014276868,1,-322.263680794747,0,322.263680794747,0
292,299,0.0014786610429399,0.0186686081298227,0,231.428945879341,1,91.7402787351975,0,-91.7402787351975,0
296,299,0.0047857996447601,0.0165103787572137,0,434.996582851457,1,185.57341010065,0,-185.57341010065,0
297,299,0.0006210895728545,0.121590101236861,0,10.6418297628188,1,-3.02751017952463,0,3.02751017952463,0
298,299,0.0027405095533755,0.0415040724042507,0,502.666873291266,1,80.2564475850618,0,-80.2564475850618,0
271,300,0.0111522176262705,0.074874190317499,0,322.249633088275,1,-20.0665917780638,0,20.0665917780638,0
296,300,0.0021203102180384,0.0122198609700482,0,541.713020728888,1,-112.778875261831,0,112.778875261831,0
298,300,4.12929549237184e-05,0.0014831011766129,0,3019.40965858478,1,-749.14649797965,0,749.14649797965,0
25,76,0.0009391090207703,0.0099861174135461,0,2094.52687217639,1,436.08354133078,0,-436.08354133078,0
23,104,0.0004639108595348,0.001266408291844,0,4668.16220770236,1,964.516919180296,0,-964.516919180296,0
24,105,1.92451072776301e-06,0.0053878281493637,0,1962.37071386774,1,1409.45511635267,0,-1409.45511635267,0
23,64,2.5911560874984e-05,0.0008588205902962,0,2112.79586779716,1,-325.934090764946,0,325.934090764946,0
78,131,0.0002317616798787,0.0013353078066785,0,1065.01923381652,1,722.573134176864,0,-722.573134176864,0
75,146,0.0031739295320056,0.0047637226608909,0,1439.06899364017,1,334.680664761078,0,-334.680664761078,0
95,178,0.0126244369188052,0.243339434447109,0,50.3451402192012,1,-4.95159275569774,0,4.95159275569774,0
87,135,0.0166985166087205,0.0237531023501,0,1510.57788753061,1,70.9253949764941,0,-70.9253949764941,0
171,188,0.0111607256004574,0.0212310418195606,0,29935.2281485459,1,-75.267047399152,0,75.267047399152,0
132,211,0.0021219808085266,0.0139323139840838,0,730.330798145571,1,-212.735685356535,0,212.735685356535,0
140,221,0.0011635913886526,0.0139312460971155,0,2126.08065948042,1,-202.619943303379,0,202.619943303379,0
179,207,0.0136446965053965,0.222003827445072,0,109.244645403921,1,-18.6293989608208,0,18.6293989608208,0
224,274,0.0001611239085809,0.010603082914306,0,2790.6139021797,1,-152.382808707811,0,152.382808707811,0
196,298,0.0004367100761289,0.002551857888,0,1911.93326043714,1,-622.140430350988,0,622.140430350988,0
198,255,0.0025466245587299,0.0581163610497893,0,473.964184669301,1,27.405065424258,0,-27.405065424258,0
216,279,0.0015378019490075,0.0076954145721135,0,742.314995889575,1,-63.3720050611094,0,63.3720050611094,0
258,3,0.0005055514565698,0.0018997716179107,0,2522.49743562486,1,-593.265209335698,0,593.265209335698,0
286,31,0.0010007980593456,0.0024322417352876,0,865.211565376966,1,-492.977106892391,0,492.977106892391,0
283,22,0.0001834969673434,0.0020101706039235,0,1060.3468919533,1,-458.840651779057,0,458.840651779057,0
300,12,0.0014912005839334,6.99114274589902e-05,0,1693.82173865936,1,-881.991965019517,0,881.991965019517,0
