from_bus,to_bus,resistance,reactance,susceptance,line_rating,line_status,P_from,Q_from,P_to,Q_to
2,4,0.0091285060240508,0.0417735132864103,0,945.076740209256,1,27.6332909362217,0,-27.6332909362217,0
3,8,0.275434869434735,0.109562175696786,0,70.9214005736252,1,12.3352449774239,0,-12.3352449774239,0
1,10,0.00012699792347,0.0023473088498454,0,1854.84129182451,1,628.830946467092,0,-628.830946467092,0
5,10,0.000825946795562,0.0023653175679807,0,1661.1093906204,1,-628.830946467092,0,628.830946467092,0
6,12,0.0052167019571956,0.0156603411982509,0,1157.01302083819,1,334.754099811532,0,-334.754099811532,0
7,12,0.0067963002236327,0.0086707145151814,0,641.028065638496,1,199.204473546773,0,-199.204473546773,0
9,12,0.0511029153599052,0.0430951149072788,0,289.706314927135,1,69.0464922334352,0,-69.0464922334352,0
7,13,0.0055961196456708,0.0033068249382613,0,974.589295031411,1,345.309617072746,0,-345.309617072746,0
9,13,0.0838836876206608,0.162073363455277,0,296.135927041939,1,14.7476414302375,0,-14.7476414302375,0
6,14,0.0055085805530305,0.0030141606823562,0,1555.30031771303,1,387.111270530167,0,-387.111270530167,0
7,15,0.0064186166364074,0.0589406914551452,0,67.7373524454326,1,-12.3352449774239,0,12.3352449774239,0
8,15,0.0090777504433133,0.113201405798533,0,64.7418749528356,1,12.3352449774239,0,-12.3352449774239,0
7,16,0.0020069142828161,0.0844250798588683,0,2372.30658846785,1,-48.5298056907051,0,48.5298056907051,0
2,17,7.94446479794614e-05,0.0003173841313182,0,4426.95481083622,1,-1654.47778325103,0,1654.47778325103,0
11,17,1.02283105174292e-05,0.0004671586169185,0,1942.70697806912,1,-1250.58688739874,0,1250.58688739874,0
17,18,1.25649071822702e-05,0.0001118539992678,0,9106.63233157863,1,-4201.95255797563,0,4201.95255797563,0
13,20,0.0019699284497691,0.0061123079416299,0,1205.4856056716,1,360.057258502984,0,-360.057258502984,0
20,21,0.0035622489056582,0.0060075334428783,0,2215.96500290488,1,417.717042713148,0,-417.717042713148,0
19,23,0.0241817886733208,0.152630831089755,0,32.3133099231269,1,4.07659282937376,0,-4.07659282937376,0
20,23,0.0258792750856094,0.0732833945003279,0,244.839814523482,1,-57.6597842101634,0,57.6597842101634,0
16,24,0.0083347455820222,0.0017657124348079,0,172.283789297142,1,4.33272595706331,0,-4.33272595706331,0
19,25,0.0418585479527561,0.0373113487501032,0,382.131006364046,1,-15.2948940173282,0,15.2948940173282,0
22,25,0.383880373056349,1.16255926365396,0,15.0011712330895,1,0.0,0,0.0,0
3,26,0.001064977395902,0.0140341375984527,0,311.386842129598,1,207.833656502263,0,-207.833656502263,0
16,26,0.0030161937418262,0.0116440775294711,0,1009.08049030441,1,303.931988337172,0,-303.931988337172,0
19,26,0.0002190869663768,0.0844097577643997,0,994.291451581496,1,11.2183011879545,0,-11.2183011879545,0
17,27,0.0050268789080604,0.149782536741575,0,228.319376040385,1,1.72362700883729,0,-1.72362700883729,0
27,28,1.59574116303195e-05,0.0006819613599633,0,3835.72766210544,1,-1043.03552525628,0,1043.03552525628,0
25,29,0.116037228252421,0.350704354106896,0,4.53385950246956,1,1.78842970422867,0,-1.78842970422867,0
25,31,0.0094560589798116,0.0605482231247959,0,409.922588572004,1,-17.0833237215569,0,17.0833237215569,0
30,31,0.0348393261284757,0.0505620961071142,0,717.459560104218,1,17.0833237215569,0,-17.0833237215569,0
30,32,1.53803622807551,0.709396481582474,0,15.0011712330895,1,0.0,0,0.0,0
30,33,0.0003428842838704,0.0614828530747409,0,1160.12041454392,1,-17.0833237215569,0,17.0833237215569,0
29,34,0.0916378640622642,0.359326365772003,0,5.31549241168991,1,1.78842970422867,0,-1.78842970422867,0
33,34,0.0024059379517362,0.0117099740779009,0,653.677797831334,1,360.231802131147,0,-360.231802131147,0
27,35,0.0306925086122324,1.71751870765993,0,15.0011712330895,1,0.0,0,0.0,0
27,37,4.23308903810136e-05,0.0008403556179121,0,1137.68422031722,1,958.663331701444,0,-958.663331701444,0
17,39,0.0003486233225862,0.0004765563805727,0,3184.86146423964,1,1338.35565345172,0,-1338.35565345172,0
34,40,3.24721303415338e-05,0.0022491807852871,0,834.621825825272,1,362.020231835376,0,-362.020231835376,0
38,40,0.0042415611648044,0.0065362317291245,0,686.879023026032,1,488.489696783357,0,-488.489696783357,0
38,41,0.0012209490311918,0.010200124400603,0,1739.3560719564,1,-344.367649688811,0,344.367649688811,0
36,42,0.0003691850405521,0.0034534081214038,0,1597.86870857311,1,-366.812179219559,0,366.812179219559,0
38,42,3.33668189125032e-05,0.0010719288350153,0,1591.08917771471,1,1145.30454975096,0,-1145.30454975096,0
40,42,0.0120220804030615,0.0162876366204387,0,1428.6573577518,1,-120.655742113467,0,120.655742113467,0
38,43,0.0002566647239452,0.0006146191513439,0,3319.02235553883,1,-1112.73330802453,0,1112.73330802453,0
39,43,0.000166212642587,0.0005204980700708,0,8075.70754508079,1,1338.35565345171,0,-1338.35565345171,0
36,46,0.0096884507000176,0.0102960071866451,0,515.316966258462,1,301.040098523177,0,-301.040098523177,0
2,47,6.63963475464368e-05,0.0009946040776444,0,3052.18860899673,1,719.543438997554,0,-719.543438997554,0
12,47,0.0041753355301953,0.0079893759984225,0,2246.11842479296,1,-712.111324167187,0,712.111324167187,0
41,48,0.0439427473215253,0.0016801802298223,0,1204.41641290321,1,-24.4342526307475,0,24.4342526307475,0
47,49,0.034053308894084,0.191781272007515,0,317.292507037807,1,7.43211483036695,0,-7.43211483036695,0
40,50,0.0009317139257396,0.129844589367908,0,12.4908499550592,1,-7.89779325874161,0,7.89779325874161,0
45,50,0.0264014359300573,0.0505864434949423,0,933.217301427913,1,23.1640359939587,0,-23.1640359939587,0
49,50,0.000206144237356,0.0021264893660652,0,2344.71668125793,1,714.609981608532,0,-714.609981608532,0
23,52,0.0001417242662359,0.0027206968251564,0,2159.66423319247,1,-669.200223787324,0,669.200223787324,0
45,52,0.0427434358407708,0.0655441853434572,0,723.15608863025,1,-7.85151427812723,0,7.85151427812723,0
2,54,0.0250691731624051,0.182611822304167,0,330.353628730439,1,7.51315730798003,0,-7.51315730798003,0
37,54,0.0002340700493462,0.0008692405054754,0,1471.06758921231,1,958.663331701444,0,-958.663331701444,0
49,54,0.0001536361406834,0.0007959311117819,0,1342.42289230243,1,-966.176489009424,0,966.176489009424,0
1,55,0.0011990727330919,0.0012050893725854,0,3434.8221887849,1,-803.24531832816,0,803.24531832816,0
2,55,0.0004447946768704,0.0008155766273666,0,4367.22721595499,1,899.787896009269,0,-899.787896009269,0
4,55,0.0056178450420227,0.0299944054700523,0,310.084811857452,1,-14.0190699535208,0,14.0190699535208,0
48,56,0.023620868077937,0.0485214909687753,0,1816.07174844705,1,-48.9993990554672,0,48.9993990554672,0
49,56,0.0143640164533903,0.105282893582808,0,127.868615235307,1,-62.4883691502815,0,62.4883691502815,0
51,56,0.0066536357315221,0.0556628654881603,0,1332.46502861138,1,-48.5459512837273,0,48.5459512837273,0
53,56,0.0117134350810269,0.0394180900120843,0,192.797691790473,1,-11.5781892542422,0,11.5781892542422,0
49,57,0.0002699985060446,0.0018282021718113,0,752.064805101907,1,321.486991381538,0,-321.486991381538,0
6,58,0.0002739915374553,0.0011610218890506,0,2695.52442751072,1,-413.881987530857,0,413.881987530857,0
7,58,0.0040118283563629,0.0166343010234579,0,390.13003908964,1,-240.20512443915,0,240.20512443915,0
11,58,3.66631966213995e-05,0.000498149350559,0,2282.1452828156,1,1250.58688739874,0,-1250.58688739874,0
24,58,0.0012517591340908,0.0216579646407534,0,171.704955347453,1,4.33272595706344,0,-4.33272595706344,0
48,58,0.0069668138590056,0.111643040562979,0,299.508203041755,1,24.5651464247198,0,-24.5651464247198,0
51,58,0.0296797536502856,0.211772036405807,0,48.4544418457486,1,11.4172051334563,0,-11.4172051334563,0
52,58,0.0009373490314924,0.0019084331832712,0,2420.19406367259,1,-677.051738065451,0,677.051738065451,0
53,58,0.0293247542059221,0.12731147519449,0,57.1940128963648,1,36.6319015952847,0,-36.6319015952847,0
9,59,0.003116283258656,0.0069572176130606,0,381.059605571667,1,-167.341684718713,0,167.341684718713,0
16,59,0.0003571675108892,0.0353239444982514,0,6942.16819478411,1,47.6894308408538,0,-47.6894308408538,0
51,59,0.0010358344199993,0.107758425223472,0,1842.4655150261,1,37.128746150271,0,-37.128746150271,0
55,59,0.0120148718052103,0.0185564209702436,0,831.083005242339,1,82.5235077275881,0,-82.5235077275881,0
3,60,0.0020041808505073,0.0063237669281324,0,287.447345291045,1,-220.168901479687,0,220.168901479687,0
7,60,0.0038266979002118,0.323101814368298,0,132.745856937502,1,-15.0639452314049,0,15.0639452314049,0
9,60,0.0160951840789416,0.279976569094526,0,47.4864599631017,1,-12.9256053499121,0,12.9256053499121,0
44,60,0.115688053127772,1.7958003767773,0,15.0011712330895,1,0.0,0,0.0,0
53,60,0.0018981719224864,0.0152810339977028,0,447.588951324905,1,248.158452061004,0,-248.158452061004,0
61,64,0.415882231556178,1.34627379266993,0,15.0011712330895,1,0.0,0,0.0,0
63,64,1.28371134883153,0.602695869501766,0,15.0011712330895,1,0.0,0,0.0,0
66,68,0.0161088731344597,0.052995222457775,0,82.3151241710333,1,-12.4692273755915,0,12.4692273755915,0
68,69,0.0150091060323964,0.253870721754409,0,13.4649969057442,1,1.30621330564556,0,-1.30621330564556,0
61,70,0.0116751839264512,0.0496625000808119,0,59.7706352072603,1,-48.0611148733729,0,48.0611148733729,0
62,71,0.0232660091281052,0.289328778796408,0,25.605912951496,1,-2.39910159713177,0,2.39910159713177,0
67,71,0.31282053941382,0.313686425517165,0,22.5468098106221,1,2.39910159713178,0,-2.39910159713178,0
67,72,0.0157180265320644,0.120392238588783,0,32.8056306453033,1,7.09422930755916,0,-7.09422930755916,0
68,72,0.0857462425898087,0.0381672625641817,0,1111.15238871346,1,17.4759964201852,0,-17.4759964201852,0
69,72,0.0560540469305343,0.256774010661831,0,13.0471732041672,1,1.30621330564555,0,-1.30621330564555,0
66,75,0.0083850446295504,0.0015287242421297,0,1440.40776186374,1,-264.257137471773,0,264.257137471773,0
75,76,0.000106175788297,0.0086180179024853,0,1705.65022411174,1,-264.257137471773,0,264.257137471773,0
73,77,0.0008054978862525,0.0098516915449326,0,1507.77330798604,1,-601.749057309091,0,601.749057309091,0
68,78,0.0197526591280235,0.0323365327359344,0,986.704643688851,1,-31.2514371014221,0,31.2514371014221,0
76,78,0.0002347038506137,0.023757575646981,0,1135.88127845412,1,42.5117634596413,0,-42.5117634596413,0
78,79,0.0839395817084909,1.23532024304172,0,15.0011712330895,1,0.0,0,0.0,0
73,80,0.0021733959189898,0.0051375537848436,0,720.883502348673,1,337.953633009276,0,-337.953633009276,0
76,80,0.0020952495862199,0.0052996300798209,0,660.668207910999,1,-343.541943697785,0,343.541943697785,0
73,82,1.19220860757571e-05,0.0042252073932852,0,854.427690192543,1,530.814243912486,0,-530.814243912486,0
62,83,0.0382699546313683,0.283935824364316,0,6.16921570650847,1,0.514363126196277,0,-0.514363126196277,0
74,83,0.158694576538317,1.35012982400752,0,15.0011712330895,1,0.0,0,0.0,0
76,84,0.0537139615086467,0.196394805022542,0,15.0011712330895,1,-5.55111512312578e-15,0,5.55111512312578e-15,0
81,84,0.260124578739602,1.19173139928119,0,15.0011712330895,1,0.0,0,0.0,0
81,85,0.661889910917203,1.16066832482517,0,15.0011712330895,1,0.0,0,0.0,0
83,89,0.0013778850041509,0.412642339346713,0,15.0011712330895,1,0.8774720283799,0,-0.8774720283799,0
80,90,0.0035197091083479,0.221964516758499,0,12.22169341545,1,-5.58831068850875,0,5.58831068850875,0
87,90,0.0001328764541351,0.0056141248340441,0,1041.64816699539,1,-361.708873387957,0,361.708873387957,0
67,91,0.0009968059075592,0.0027792950202307,0,1596.09541220207,1,-351.171775881701,0,351.171775881701,0
70,91,0.0269341539550492,0.0430663745289037,0,57.9939402722808,1,-48.0611148733729,0,48.0611148733729,0
82,91,0.0012082265932256,0.0040909797083902,0,834.534187058566,1,530.814243912486,0,-530.814243912486,0
86,91,0.0072790782851577,0.023242313011632,0,863.992802513604,1,-115.885726034391,0,115.885726034391,0
67,94,0.0002871573137857,0.0117296420913351,0,820.498700818256,1,-151.817576470974,0,151.817576470974,0
87,94,0.0109547979730625,0.0085551194725489,0,564.283094140574,1,126.598775292664,0,-126.598775292664,0
86,95,0.0081281554259041,0.0198149909857725,0,1016.58461826882,1,122.879585733797,0,-122.879585733797,0
93,95,0.102865559250558,0.142728257779595,0,155.999128289777,1,8.48623713814579,0,-8.48623713814579,0
86,96,0.0547733321529105,0.0994290618012344,0,169.482305279147,1,-6.99385969940662,0,6.99385969940662,0
87,96,0.0033750087148555,0.0077797413967706,0,2177.93944867377,1,499.487415653046,0,-499.487415653046,0
93,96,0.0056134070894171,0.0475106973262633,0,101.741138774213,1,-40.3914288380536,0,40.3914288380536,0
92,99,0.372581998730953,0.155448147042815,0,15.0011712330895,1,0.0,0,0.0,0
93,100,0.0212486354622522,0.0523677193975464,0,1749.88706381169,1,31.9051916999078,0,-31.9051916999078,0
97,101,0.0007285558459424,0.0087114099821649,0,574.784164260808,1,-289.458486706125,0,289.458486706125,0
100,101,6.27936014200769e-05,0.0087752895853794,0,424.520944290062,1,297.268655729087,0,-297.268655729087,0
95,102,0.0049192133906587,0.0062266127598401,0,1171.1387667479,1,341.216235302115,0,-341.216235302115,0
100,102,0.0086266765481612,0.0272976701249375,0,192.874020863338,1,60.9958678723289,0,-60.9958678723289,0
101,102,0.0096352065130888,0.125770341270798,0,85.4649371960399,1,-7.50235269286947,0,7.50235269286947,0
98,103,0.0006006316382066,0.0029392273345227,0,1354.34225584854,1,613.163522369069,0,-613.163522369069,0
91,105,0.0124171344857725,0.0735029601601739,0,757.362924368192,1,15.6956271230219,0,-15.6956271230219,0
66,106,0.0124439767821725,0.0777029570457822,0,835.787858774016,1,30.8718476014082,0,-30.8718476014082,0
72,107,0.0257323016646954,0.0628518628889798,0,1047.83358738356,1,25.8764390333899,0,-25.8764390333899,0
89,107,0.0770162519544782,0.599049952654125,0,15.0011712330895,1,0.877472028379896,0,-0.877472028379896,0
104,108,0.0027243343239981,0.0026414940088347,0,942.617653790897,1,-618.912285720626,0,618.912285720626,0
83,109,0.0340799277172436,0.106574134351622,0,6.94126409894081,1,-0.363108902183623,0,0.363108902183623,0
99,109,0.822266592418079,0.658942049710744,0,15.0011712330895,1,2.77555756156289e-15,0,-2.77555756156289e-15,0
105,109,0.0348266877159403,0.0623346191722578,0,870.941328029128,1,22.0804710482733,0,-22.0804710482733,0
100,110,0.000268678473453,0.0074215003464079,0,662.283735574673,1,-326.359331901508,0,326.359331901508,0
103,110,0.0016502993902651,0.0075276646064804,0,525.942955964089,1,321.795471927614,0,-321.795471927614,0
105,110,0.410841780796864,1.76504439881623,0,6.54814256579216,1,1.13999145723041,0,-1.13999145723041,0
103,111,0.0002875495109049,0.0089115200424151,0,1183.51816088952,1,245.00304557791,0,-245.00304557791,0
106,111,0.0072835661440984,0.0657418398960362,0,141.282065504055,1,-19.7125718149056,0,19.7125718149056,0
62,112,0.0103720807816921,0.141693136104063,0,26.8323367048741,1,-3.22905977184552,0,3.22905977184552,0
94,112,0.0095603500185952,0.0175264178061646,0,205.969648099184,1,158.042847080099,0,-158.042847080099,0
95,112,0.0017260872342905,0.0146918633869603,0,761.925366241818,1,-215.298836943504,0,215.298836943504,0
105,112,0.287000750252839,0.863400935232045,0,5.13385813106728,1,0.939880898607396,0,-0.939880898607396,0
107,112,0.0331519058069481,0.123992950849704,0,85.6815561821476,1,-12.0274047946916,0,12.0274047946916,0
110,112,0.0047034724483058,0.350668106434231,0,29.2734611023641,1,-3.42386851666454,0,3.42386851666454,0
104,113,0.0046651668601765,0.004829377853544,0,1012.34942084303,1,618.912285720626,0,-618.912285720626,0
105,113,0.0192137629445572,0.21219482627615,0,29.769583505038,1,3.72605701490693,0,-3.72605701490693,0
61,114,0.0153514281321449,0.0197135135288366,0,2256.58012434555,1,46.8280958262321,0,-46.8280958262321,0
106,114,0.070970958826592,0.0228739780053293,0,90.1802049940418,1,50.5844194163138,0,-50.5844194163138,0
107,114,0.0236268622060565,0.0495939046751374,0,1347.21772697938,1,38.7813158564614,0,-38.7813158564614,0
113,114,0.0043412548064591,0.0143893619817517,0,495.542690914534,1,238.75098309205,0,-238.75098309205,0
109,115,0.0005589981246583,0.0212642759487393,0,1172.20012878355,1,-145.140214070193,0,145.140214070193,0
112,115,0.0191547943915856,0.0336204996839728,0,178.127573345545,1,-74.9964420479993,0,74.9964420479993,0
67,116,0.0115358591811413,0.0423763719716297,0,175.772928062421,1,55.1062168758583,0,-55.1062168758583,0
61,117,0.0040565051297444,0.0541381150914387,0,38.2562880304336,1,1.23301904714087,0,-1.23301904714087,0
62,117,0.0026188671808039,0.410790886603441,0,34.7938960325723,1,5.11379824278102,0,-5.11379824278102,0
65,118,0.0045037432561113,0.0094372432078303,0,483.257230576698,1,-286.743507928784,0,286.743507928784,0
88,118,0.0323956344463069,0.112111117932131,0,15.0011712330895,1,0.0,0,0.0,0
116,118,0.0032937983792287,0.0473190645629898,0,188.938173200168,1,56.6169125684119,0,-56.6169125684119,0
111,119,0.002808308478799,0.0008288047486617,0,902.182551347429,1,225.290473763005,0,-225.290473763005,0
116,119,0.0227308318699601,0.130865495126022,0,2.32595361578768,1,-1.51069569255363,0,1.51069569255363,0
118,119,0.0053600267419853,0.0128553049152946,0,810.398747324761,1,-223.77977807045,0,223.77977807045,0
117,120,0.0007877377679684,0.11784659662667,0,136.346550887626,1,6.34681728992189,0,-6.34681728992189,0
118,120,0.0322739081387404,0.113271515748355,0,135.814799701922,1,-6.34681728992189,0,6.34681728992189,0
121,122,0.0026335242073418,0.0348117525533039,0,3184.08666405238,1,-27.7391847512539,0,27.7391847512539,0
121,123,0.0142402442780965,0.0020188198157116,0,826.337113777584,1,-130.368767305936,0,130.368767305936,0
121,127,0.0472352233412329,0.026032698357916,0,318.741404779756,1,94.8759340327737,0,-94.8759340327737,0
126,127,0.0602401134431883,0.140024359302719,0,15.6716721030079,1,-3.17106864476962,0,3.17106864476962,0
127,129,0.0172169505784608,0.0423065889571402,0,867.635275795448,1,29.3941360384357,0,-29.3941360384357,0
128,129,0.0407960109793637,0.0206937993267116,0,1325.39355601268,1,-29.3941360384356,0,29.3941360384356,0
124,130,0.0045860059756568,0.0430998151317444,0,120.838599214541,1,-33.1869100979131,0,33.1869100979131,0
125,130,0.0373248450784132,0.163436497410461,0,140.445654171077,1,-0.926825801927544,0,0.926825801927544,0
126,130,0.0473160456802844,0.268237550290699,0,39.9234118240637,1,2.4231926931259,0,-2.4231926931259,0
127,131,4.77435519161814e-05,0.0044115604061052,0,1249.20338310026,1,236.309219658926,0,-236.309219658926,0
128,131,0.0144462038188728,0.0699812204541236,0,218.327585773107,1,-11.5652396656247,0,11.5652396656247,0
128,132,0.0087806003706229,0.020697031656596,0,70.3016544482616,1,-41.6690313429346,0,41.6690313429346,0
123,133,0.0015276500359754,0.0095062234201431,0,474.528416643336,1,315.447780787003,0,-315.447780787003,0
132,135,0.0008649526077939,0.0243178630872149,0,936.613909185451,1,-130.715593833686,0,130.715593833686,0
133,135,0.0098627888857579,0.0535806745804979,0,116.630646096966,1,-45.817949647118,0,45.817949647118,0
134,135,0.239481645806105,0.567886357826877,0,13.5387764365327,1,-5.79484315345525,0,5.79484315345525,0
128,136,0.0312829117096475,0.541235346435454,0,18.2699126920728,1,2.08971099267816,0,-2.08971099267816,0
132,136,0.0027680093302994,0.0170359705683222,0,1300.46657343129,1,117.0142144753,0,-117.0142144753,0
133,136,0.0018990190262597,0.0075213831514964,0,1003.03010845918,1,361.26573043412,0,-361.26573043412,0
124,137,0.006231868409849,0.0088136939913411,0,1495.48977550659,1,234.528818955343,0,-234.528818955343,0
122,138,2.89128240565206e-05,0.0052229948102622,0,3506.7621543417,1,454.551001112447,0,-454.551001112447,0
130,138,0.0071794508487002,0.06801482704154,0,2725.33393982232,1,-31.6905432067147,0,31.6905432067147,0
131,138,0.0002737459525265,0.0049653863412599,0,2193.7644772909,1,-423.713471687889,0,423.713471687889,0
132,139,0.0282840011037692,0.0876569885667937,0,4695.01248841219,1,-30.4328390148745,0,30.4328390148745,0
132,141,0.0047683934763342,0.0279258498195246,0,46.2142830704712,1,24.7562887521981,0,-24.7562887521981,0
140,141,0.0003499709930542,0.0062102443593123,0,1009.02613952369,1,-579.036295435637,0,579.036295435637,0
134,142,0.0385525113752565,0.0936275877017318,0,723.16893513018,1,-58.9116350782161,0,58.9116350782161,0
139,142,0.101651027147876,0.117884223993495,0,1024.82146589662,1,-23.2093380037434,0,23.2093380037434,0
134,144,0.0208381401090911,0.0695230342161469,0,1541.23803797743,1,29.9754720868427,0,-29.9754720868427,0
139,144,0.302377488460336,0.393179613781255,0,127.438563366385,1,12.3702376242954,0,-12.3702376242954,0
140,144,0.0028397569266376,0.0054158703158984,0,2691.15447405444,1,-386.128717537647,0,386.128717537647,0
143,144,0.0007557217007724,0.0055868342380738,0,1459.14854538703,1,355.668661757329,0,-355.668661757329,0
139,145,0.0017720936971508,0.0407575266472953,0,88.1870290835035,1,57.8974368669055,0,-57.8974368669055,0
140,145,0.0039612215445938,0.0793677964636207,0,80.8102249231349,1,-57.8974368669055,0,57.8974368669055,0
141,146,0.0001737527787536,0.0047524120310611,0,528.955478746492,1,-482.462906330666,0,482.462906330666,0
143,146,0.0010601815221382,0.0151978870919322,0,398.611737938808,1,-119.130671313526,0,119.130671313526,0
143,147,0.0132466182277903,0.0093166159816869,0,565.938897677516,1,169.838169394739,0,-169.838169394739,0
143,148,9.99360587102911e-05,0.0043782208679428,0,3811.15656225679,1,-444.287081522624,0,444.287081522624,0
141,150,0.304870780541185,0.603449403122993,0,15.0011712330895,1,1.61115731172906,0,-1.61115731172906,0
143,150,0.0023000555154386,0.0383683614711065,0,3196.01865241498,1,37.9109216840822,0,-37.9109216840822,0
150,151,0.0034944043186388,0.0558089403721935,0,60.0196282050137,1,43.2134295662186,0,-43.2134295662186,0
152,153,0.0012528874876892,0.0042679858816975,0,605.814569074834,1,373.028437430597,0,-373.028437430597,0
152,154,0.0007485411737824,0.0160156543245713,0,732.732820838144,1,-72.0200197651616,0,72.0200197651616,0
152,156,0.0173631191986819,0.0661662213585713,0,1229.65272566408,1,-15.6165681051076,0,15.6165681051076,0
154,156,0.0040623748436036,0.0524866510755211,0,11492.7908304837,1,2.28931426261079,0,-2.28931426261079,0
147,157,0.0025089314289025,0.0200886810658413,0,550.03752025522,1,169.838169394739,0,-169.838169394739,0
153,157,0.005019401685019,0.010098504004756,0,503.789749493594,1,-169.838169394739,0,169.838169394739,0
155,158,0.0030314287335811,0.0616229698780912,0,4208.58016603529,1,-5.27800350329886,0,5.27800350329886,0
149,159,0.0021881509253005,0.0108591677133373,0,1325.57705174514,1,-228.81578262048,0,228.81578262048,0
153,159,0.0093843978874657,0.0210554101951719,0,800.476281108621,1,68.6207888607526,0,-68.6207888607526,0
154,160,0.0048200988373811,0.0173525137069373,0,429.956934875333,1,-86.3919137680265,0,86.3919137680265,0
155,160,0.0002317056672439,0.0041381222506089,0,455.952902891651,1,99.7191676105233,0,-99.7191676105233,0
156,160,0.0187509784360256,0.121501047842931,0,167.671515520698,1,-13.3272538424968,0,13.3272538424968,0
152,162,0.0044690393334858,0.0222589351072732,0,262.973069349238,1,-180.67558379783,0,180.67558379783,0
158,163,0.0044014992499077,0.0404859499572978,0,1078.21071470426,1,-5.27800350329888,0,5.27800350329888,0
162,163,0.0137687535788334,0.0791019072301205,0,3049.69729713658,1,5.27800350329883,0,-5.27800350329883,0
154,164,0.0043409751854618,0.0012825512122478,0,2267.42367746906,1,0.0,0,0.0,0
155,165,0.0162103430421216,0.0111402549661979,0,159.846277199173,1,-116.485696346374,0,116.485696346374,0
159,167,0.0013139547886185,0.0106558380580338,0,4046.55507273968,1,-520.380619926708,0,520.380619926708,0
134,168,0.000528268312151,0.0216318204703677,0,832.177712588248,1,-66.3714554036164,0,66.3714554036164,0
161,168,0.0032379899395969,0.0316562696451901,0,324.746943364729,1,184.540295143323,0,-184.540295143323,0
161,169,0.0113013512515394,0.0300540535629259,0,481.982347755854,1,72.3676285027396,0,-72.3676285027396,0
166,169,0.0027839704423751,0.0147322310137843,0,460.245277966249,1,-72.3676285027394,0,72.3676285027394,0
162,170,0.0016386943065566,0.01414626526559,0,631.80217531223,1,-185.953587301129,0,185.953587301129,0
168,170,0.0142013411382167,0.0074493764070487,0,393.7023836893,1,-0.317126621864539,0,0.317126621864539,0
138,172,0.0009754366662482,0.0954281275655909,0,238.421862669379,1,-7.18506128804542,0,7.18506128804542,0
166,172,0.0299504910722092,0.0467037557403275,0,167.742610541755,1,25.4357430938954,0,-25.4357430938954,0
168,173,0.0001157425197425,0.0719378360060313,0,923.274424104864,1,-14.0640396166089,0,14.0640396166089,0
165,174,0.0150190449266,0.0140739746133385,0,231.386559014315,1,-116.485696346374,0,116.485696346374,0
166,174,0.0259782503734067,0.0692130899504662,0,1995.03139924058,1,46.931885408844,0,-46.931885408844,0
167,174,4.84494742817099e-06,0.0194678176155808,0,2365.08232346308,1,-179.482837874801,0,179.482837874801,0
171,175,0.02155326157184,0.0329249793070332,0,684.682612483499,1,-18.0614656436817,0,18.0614656436817,0
172,175,0.0379035202875389,0.5884252217948,0,14.0242905953906,1,2.27964398358162,0,-2.27964398358162,0
173,175,0.0110541704998274,0.0595812831853119,0,760.323931924012,1,15.7818216601,0,-15.7818216601,0
121,176,0.0001901303996678,0.0278392293650718,0,491.994994918557,1,66.5270068260668,0,-66.5270068260668,0
124,176,0.0030134480527549,0.0156062083900886,0,611.919100646943,1,-201.34190885743,0,201.34190885743,0
172,176,0.0016234873687903,0.0743421314449214,0,1958.78204440441,1,15.1899016210288,0,-15.1899016210288,0
173,176,0.0001081923314297,0.069187783672884,0,2934.20445789646,1,10.5242687819994,0,-10.5242687819994,0
126,177,0.30201767674973,1.18165728904871,0,7.36625038267338,1,0.747875951643723,0,-0.747875951643723,0
150,177,0.137212995873294,0.359014700077407,0,65.3438922669493,1,-3.69135057040735,0,3.69135057040735,0
167,177,0.0030659327662438,0.0167174215449186,0,853.210890666221,1,-148.328476501599,0,148.328476501599,0
168,177,0.0165617261174805,0.0240441049618091,0,501.646279913347,1,69.12256263534,0,-69.12256263534,0
173,177,0.0265241733281995,0.0325471287865123,0,1480.72458825448,1,82.1493884850233,0,-82.1493884850233,0
123,178,0.0008651934260065,0.004454950895443,0,2460.13046715821,1,-308.037678283237,0,308.037678283237,0
123,179,0.0404762992073878,0.037495307779887,0,7522.62321287524,1,32.7645666097851,0,-32.7645666097851,0
171,179,0.001838403533593,0.0504850916166755,0,1039.21420912338,1,-33.5457028110247,0,33.5457028110247,0
172,179,0.054189308517951,0.310465088008887,0,28.4036764482364,1,0.78113620123953,0,-0.78113620123953,0
125,180,0.0081861783887906,0.169001219184643,0,124.379342533046,1,0.926825801927539,0,-0.926825801927539,0
138,180,0.0674028899147874,0.164223088321084,0,15.0011712330895,1,15.0011712330895,0,-15.0011712330895,0
168,180,0.0011584144067488,0.0273755351834773,0,507.774931230172,1,63.4274433428398,0,-63.4274433428398,0
171,180,0.0950697632612859,0.301802192338494,0,28.9138679188245,1,4.01959377719775,0,-4.01959377719775,0
183,184,0.0003658296319169,0.0096700376447311,0,297.037563996736,1,-267.843123464442,0,267.843123464442,0
182,185,0.179811736636962,1.02511436496418,0,15.0011712330895,1,0.0123189187173163,0,-0.0123189187173163,0
186,187,0.002426410501122,0.0468162373631257,0,1215.03246882966,1,21.542983393355,0,-21.542983393355,0
187,188,0.0023067517958749,0.0240288593224637,0,366.629989129585,1,88.8793508899768,0,-88.8793508899768,0
184,190,0.0060253634348472,0.0260790772392112,0,683.638005801124,1,111.9695140457,0,-111.9695140457,0
185,190,0.0687184207193172,0.0719620683502082,0,61.0924587026085,1,-5.99414943909908,0,5.99414943909908,0
189,190,0.0208444307231831,0.0095178720116547,0,1165.02922342185,1,-135.582969031175,0,135.582969031175,0
181,191,0.0003258962714597,0.0099568915527178,0,278.195154209015,1,-249.246009411419,0,249.246009411419,0
183,191,0.0152604683034914,0.0355791487241192,0,2008.08450411203,1,-53.9235232915365,0,53.9235232915365,0
184,191,0.0483282889150213,0.36182035369527,0,28.7357085553361,1,1.8558934703574,0,-1.8558934703574,0
186,191,0.0001006140375275,0.0044660750237485,0,597.973336801733,1,300.151221988681,0,-300.151221988681,0
187,191,0.103507732931513,0.285557060990933,0,6.52406095966731,1,1.16241724391679,0,-1.16241724391679,0
192,193,0.013542336159788,0.0590930230816593,0,151.868393177927,1,7.21375029328159,0,-7.21375029328159,0
189,194,0.0006285299991993,0.107802074191825,0,585.897199614117,1,16.3659598254697,0,-16.3659598254697,0
192,194,0.0028516909515732,0.0104397393972902,0,2681.36852017546,1,253.019286159392,0,-253.019286159392,0
187,195,0.0035837784142906,0.0674736741531334,0,75.9195022395536,1,7.55799424991766,0,-7.55799424991766,0
189,196,0.0003368425084005,0.0296150594970711,0,1206.39078650144,1,223.99162897412,0,-223.99162897412,0
193,197,0.0039173878530836,0.0647699180386363,0,18.4571399300105,1,1.48669918998245,0,-1.48669918998245,0
195,199,0.0337080315981193,0.0713613464371122,0,1667.70088995878,1,19.2420656917436,0,-19.2420656917436,0
188,200,0.0009403679558757,0.0243079396739807,0,393.509950334769,1,88.8793508899768,0,-88.8793508899768,0
189,200,0.10449511127356,0.0765735421327957,0,141.587471327861,1,5.55262216784581,0,-5.55262216784581,0
193,200,0.168745570905675,0.152970981713936,0,81.0065858890519,1,5.72705110329914,0,-5.72705110329914,0
199,200,0.0006769297651538,0.0304467234527038,0,280.283863863619,1,79.2544381791133,0,-79.2544381791133,0
197,201,0.0522534542744259,0.0772900551712324,0,17.1984701674747,1,1.48669918998245,0,-1.48669918998245,0
201,203,0.0112984380167576,0.001299423995641,0,399.203531591573,1,-295.676360629936,0,295.676360629936,0
199,205,0.0028111170698869,0.0384402894339209,0,176.47111738544,1,-60.0123724873697,0,60.0123724873697,0
203,205,0.000625391608463,0.0125838083754034,0,393.586136560787,1,-291.712149431718,0,291.712149431718,0
201,206,0.000563198277027,0.0027672318995033,0,561.718211874672,1,318.076260754014,0,-318.076260754014,0
202,206,0.0013346968518026,0.0112680399947284,0,2138.16276059694,1,-161.517444499599,0,161.517444499599,0
201,207,0.0024002418968707,0.0159810185409495,0,615.811755127975,1,-106.03144701607,0,106.03144701607,0
207,209,0.0188057286999388,0.013882481101591,0,593.814052618783,1,-108.187062712297,0,108.187062712297,0
201,210,0.0016111873962212,0.0066650828405782,0,412.982043741554,1,-290.346758638336,0,290.346758638336,0
205,210,0.000455955053454,0.0073011786261916,0,442.106170249112,1,290.346758638336,0,-290.346758638336,0
208,212,0.0066197165827135,0.0084839105824534,0,2182.57104115571,1,582.033711322643,0,-582.033711322643,0
203,213,0.0981704759903101,0.19938403284603,0,29.5186456470227,1,-3.96421119821844,0,3.96421119821844,0
204,213,0.0055363341815377,0.220857763958562,0,12.9021124390829,1,3.03890584188095,0,-3.03890584188095,0
207,213,0.0026618362772742,0.561848197923288,0,6.10233682612626,1,0.925305356337487,0,-0.925305356337487,0
209,214,0.002453151572539,0.228912692275805,0,80.3523809544484,1,9.18322756774345,0,-9.18322756774345,0
204,215,0.037656819058014,0.211757448334401,0,14.409349270694,1,-3.03890584188095,0,3.03890584188095,0
207,215,0.0182498943994251,0.118030991154005,0,6.73378865301258,1,-6.73378865301259,0,6.73378865301259,0
212,215,0.0001081174166497,0.0052982121229954,0,1353.6765121528,1,379.50710579372,0,-379.50710579372,0
207,216,0.0061094768541972,0.571476123405152,0,15.0011712330895,1,0.436899818667036,0,-0.436899818667036,0
189,217,0.0006217093380973,0.0861063136398895,0,32.9064727158624,1,-3.03841866403123,0,3.03841866403123,0
198,217,0.0050728860782375,0.166780172614984,0,235.375776805188,1,17.033107300262,0,-17.033107300262,0
207,217,0.186927751312314,0.222201071939031,0,90.2888801073449,1,7.52719917423506,0,-7.52719917423506,0
194,218,0.0036746120818747,0.0819180559798631,0,42.4841069839411,1,-40.3167572957508,0,40.3167572957508,0
209,218,0.0001552657215074,0.0287841219853861,0,185.242337489573,1,65.9286270540894,0,-65.9286270540894,0
211,218,0.170401300456415,0.45222359755055,0,5.07236292246311,1,-1.46282726252703,0,1.46282726252703,0
216,219,0.0641887601533835,0.302706988665372,0,146.78216652045,1,-8.61607655127409,0,8.61607655127409,0
211,221,0.0307032288522565,0.105849821175711,0,135.253996769098,1,10.1317934055982,0,-10.1317934055982,0
214,221,0.0010884991457869,0.0013720309764906,0,5661.23045707411,1,1114.78082548786,0,-1114.78082548786,0
218,221,0.0060215585082474,0.0698573170217999,0,932.56700965958,1,24.8216450523816,0,-24.8216450523816,0
214,222,0.0252614826297359,0.0148031636062764,0,907.724187186923,1,12.375701706969,0,-12.375701706969,0
216,222,0.0786571256742183,0.0616077257483197,0,12.6044799971942,1,8.66407919968524,0,-8.66407919968524,0
217,222,0.0068392523366389,0.0422580301227494,0,13632.8818459078,1,-21.0397809066543,0,21.0397809066543,0
219,223,0.0112868846426373,0.0235540721974969,0,102.283771385152,1,-50.1990316481456,0,50.1990316481456,0
220,223,0.0010896691766901,0.0110405759899479,0,266.163634916635,1,72.9899265703352,0,-72.9899265703352,0
216,224,0.0091893146491131,0.275942544584263,0,17.0163720681953,1,-1.3589950653994,0,1.3589950653994,0
218,224,0.0123506805412887,0.774780777383259,0,4.17938882022102,1,-0.672602556570104,0,0.672602556570104,0
219,224,0.0086507317939577,0.061408784252335,0,807.006469734579,1,36.3651887545359,0,-36.3651887545359,0
221,224,0.0640557464671316,0.065681828922846,0,1001.18216635051,1,-34.3335911325664,0,34.3335911325664,0
189,225,0.0034278700472787,0.0291056392556614,0,546.448853145984,1,-107.288823272229,0,107.288823272229,0
190,225,0.0275685193083287,0.0618843866546072,0,3664.19092883758,1,-29.6076044245748,0,29.6076044245748,0
195,227,0.159998787551826,0.127699299838494,0,253.319235656531,1,-11.6840714418259,0,11.6840714418259,0
220,227,0.0187654342356744,0.12220470484288,0,249.666703428345,1,11.6840714418259,0,-11.6840714418259,0
219,228,0.0014289000038199,0.0560388073487288,0,116.799142432215,1,44.1396770126999,0,-44.1396770126999,0
225,228,0.0068051556621333,0.0978242355198799,0,306.468353038848,1,13.3259116007563,0,-13.3259116007563,0
220,229,0.0184642734244184,0.0032512798823481,0,2052.3611616572,1,150.22233929756,0,-150.22233929756,0
225,229,0.000799071285645,0.0177720925591497,0,1694.75006353089,1,-150.22233929756,0,150.22233929756,0
221,230,0.0226582130879197,0.394279915445477,0,6.50355560956503,1,0.579008345518933,0,-0.579008345518933,0
226,231,0.0032644164666203,0.0042761888338761,0,2239.68548942006,1,402.784463236172,0,-402.784463236172,0
230,231,0.0042333713804449,0.0096036211597349,0,293.297014001875,1,-263.361726910596,0,263.361726910596,0
181,233,0.0072103612799311,0.289212121539442,0,3.49172061186316,1,0.57272529535722,0,-0.57272529535722,0
228,233,0.162016395013472,0.392269690056422,0,19.071324850949,1,2.36430282202437,0,-2.36430282202437,0
232,233,0.132980552070711,0.168761124192193,0,11.7112781603799,1,-2.90240194908324,0,2.90240194908324,0
181,234,0.0043441861587425,0.0290748608787341,0,279.414433449869,1,-91.4141517113212,0,91.4141517113212,0
198,234,0.143911180187654,0.0384536070735584,0,147.159038902737,1,-15.9347748556175,0,15.9347748556175,0
205,234,0.0093501497833572,0.0907563849534891,0,291.400292001329,1,6.38617112376713,0,-6.38617112376713,0
216,234,0.0396500290869693,0.124968773967094,0,147.097474274389,1,-16.2493411099648,0,16.2493411099648,0
183,236,0.0003796150249301,0.0074556810636345,0,546.707629335259,1,321.766646755979,0,-321.766646755979,0
228,236,0.0043282019559218,0.0277947514712112,0,293.23182717191,1,93.4576552895117,0,-93.4576552895117,0
231,236,0.011275736075271,0.0206843376949666,0,1194.71346554543,1,139.422736325577,0,-139.422736325577,0
198,237,0.0338501095275839,0.45522074716962,0,23.2312500219475,1,-1.09833244464451,0,1.09833244464451,0
211,237,0.0768478935012635,0.314401316001514,0,127.253933195011,1,-8.6689661430712,0,8.6689661430712,0
216,237,0.113963645091915,0.338081740859016,0,78.3337527477539,1,-5.67287182206433,0,5.67287182206433,0
219,237,0.0481893909924083,0.141062900751145,0,58.3415629791897,1,4.89322282469317,0,-4.89322282469317,0
228,237,0.0186134286510843,0.103870176711123,0,1295.19999180855,1,-17.1683798693865,0,17.1683798693865,0
185,238,0.0289543471731355,0.0972564967006389,0,57.9930547970683,1,6.02877560739743,0,-6.02877560739743,0
230,238,0.0045875180983822,0.0780021759025387,0,88.4250102729779,1,-8.93117755648067,0,8.93117755648067,0
232,238,0.209653394845405,0.0444746672134657,0,11.0150694406344,1,2.90240194908324,0,-2.90240194908324,0
182,239,0.93646778838793,0.364654129462821,0,15.0011712330895,1,-0.0123189187173162,0,0.0123189187173162,0
185,239,0.150441491610912,0.767483461219293,0,15.0011712330895,1,-0.0223072495810322,0,0.0223072495810322,0
233,239,0.0735666987347444,0.445845938499494,0,15.0011712330895,1,0.0346261682983484,0,-0.0346261682983484,0
235,240,0.000496387761655,0.0045043011919052,0,1284.06991736794,1,-259.452569971534,0,259.452569971534,0
236,240,0.0003049159375969,0.0051991023721355,0,1077.28607224231,1,372.110893818722,0,-372.110893818722,0
243,244,0.0079414343348406,0.0025673458193027,0,2034.83201038326,1,-239.926841899977,0,239.926841899977,0
241,246,0.227076174145952,0.892320675107721,0,2.83437418627677,1,-0.929928783132525,0,0.929928783132525,0
242,249,0.0106678417865193,0.0316434191664714,0,4540.83647089375,1,-36.7908966945584,0,36.7908966945584,0
246,249,0.0065521047305966,0.0045087428466334,0,1678.37948952103,1,-369.787443444118,0,369.787443444118,0
246,250,0.0021535720982891,0.002143269690451,0,1449.17995004802,1,368.857514660986,0,-368.857514660986,0
247,252,0.0023158020895826,0.0022116495565208,0,909.607004814569,1,-564.668014427188,0,564.668014427188,0
245,253,0.0420069580617495,0.139046859520339,0,2.70548300181052,1,-0.989956060663366,0,0.989956060663366,0
250,253,0.0128370753802004,0.0152975723498006,0,1050.26195422653,1,125.774875156184,0,-125.774875156184,0
251,254,0.00072417412014,0.0374304430976512,0,256.261966579542,1,70.3091937637998,0,-70.3091937637998,0
245,255,3.74749600013102e-06,0.0038286408575199,0,6001.09419935798,1,435.436625227928,0,-435.436625227928,0
251,256,0.0020228708453127,0.0002911806055577,0,2838.60507757652,1,-446.627543302674,0,446.627543302674,0
248,257,0.0003898442741966,0.0011813446052324,0,4733.17626890517,1,944.900535742207,0,-944.900535742207,0
250,258,0.01272778503919,0.0149887505919349,0,2158.62560779692,1,218.521759410611,0,-218.521759410611,0
251,258,0.0020534127688778,0.0153093247313908,0,1487.72984943678,1,374.176861934041,0,-374.176861934041,0
255,258,0.0007790890382581,0.0005414390821107,0,3141.70191868765,1,-837.514047769216,0,837.514047769216,0
253,259,0.022155839800797,0.117711240326669,0,26.4123882657625,1,2.7129672061969,0,-2.7129672061969,0
258,259,0.0402614618597355,0.380384680309943,0,27.1354508639449,1,-2.71296720619689,0,2.71296720619689,0
255,261,0.215411639992916,0.16676274665246,0,15.0687192433651,1,1.28132983664049,0,-1.28132983664049,0
260,261,0.0065368298963,0.0598892909074074,0,3792.40505393119,1,-20.3747595676313,0,20.3747595676313,0
243,262,0.0013875686241632,0.0037537820929449,0,2371.38239165846,1,438.14625676425,0,-438.14625676425,0
253,262,0.0282823894145375,0.0634359241735157,0,286.416246261565,1,10.8185302866487,0,-10.8185302866487,0
260,264,0.0016871653446911,0.0146807757043316,0,449.419780784489,1,-178.217605035087,0,178.217605035087,0
255,265,0.0030751656794184,0.0026475209007151,0,1435.88271054839,1,-634.470361520123,0,634.470361520123,0
258,265,0.0596136185975344,1.04619594047564,0,5.36628796646156,1,-1.17216159830657,0,1.17216159830657,0
262,265,0.0246412368269848,0.318195380207257,0,7.38027021663289,1,-1.76393596308447,0,1.76393596308447,0
257,266,0.0001785542317628,0.001225925078741,0,5804.59908435285,1,944.900535742207,0,-944.900535742207,0
263,266,0.0010803650392298,0.0356817003755623,0,1903.63966989592,1,-6.99257390589763,0,6.99257390589763,0
262,267,0.0014431935003312,0.0003060203873777,0,3328.11296533801,1,796.323796722629,0,-796.323796722629,0
263,267,0.0025792574088997,0.122289547394429,0,173.254759389165,1,4.02201567761984,0,-4.02201567761984,0
258,268,0.0035119016623592,0.012959483247954,0,515.190097558313,1,-181.614622793805,0,181.614622793805,0
262,268,0.0004472581573452,0.0131388379239701,0,843.612641483261,1,-128.519526624521,0,128.519526624521,0
261,269,0.0031572173766882,0.013566065746001,0,624.311797688597,1,-197.570699828614,0,197.570699828614,0
264,270,0.0099044672850899,0.0109794041067722,0,485.611252920026,1,-178.217605035087,0,178.217605035087,0
265,270,0.0028681365455647,0.0081276239513308,0,336.737193623112,1,-179.562227607314,0,179.562227607314,0
262,271,0.0200516641272751,0.0406282244779318,0,219.784743703309,1,-2.97055822827783,0,2.97055822827783,0
263,271,0.0109796949486609,0.0429113465414019,0,202.348874631022,1,2.97055822827788,0,-2.97055822827788,0
270,272,0.0057290051199613,0.0044100983291963,0,660.494116350448,1,-314.258806112736,0,314.258806112736,0
268,273,0.0002106629958215,0.0053161024740915,0,1041.30205191567,1,-223.890643354424,0,223.890643354424,0
251,274,0.043255968582081,0.12760175258503,0,14.8202307653345,1,2.14148760483625,0,-2.14148760483625,0
274,275,0.0022602219846271,0.0469487524277531,0,69641.8483122163,1,-26.2755409659899,0,26.2755409659899,0
275,276,0.0018446045292166,0.0181233181859044,0,237.763479140896,1,-66.0692735181884,0,66.0692735181884,0
268,277,0.0362603157829351,0.0034516530382866,0,182.062202213746,1,-50.3165645147305,0,50.3165645147305,0
262,278,0.0086023722364692,0.0191636782821517,0,717.807617409583,1,-214.104988855857,0,214.104988855857,0
265,278,0.0035313701167001,0.0057661745675395,0,1516.21963196284,1,-614.230944470637,0,614.230944470637,0
268,278,0.011933249386042,0.0646321216628943,0,8642.02527246602,1,-37.356686312195,0,37.356686312195,0
269,278,0.0014967089255357,0.0139441596125769,0,681.885393835088,1,-197.570699828614,0,197.570699828614,0
275,278,7.82748014031665e-05,0.0018063896224243,0,2870.49996676807,1,1063.2633194673,0,-1063.2633194673,0
273,279,0.0046197541710183,0.17061440076485,0,15.0011712330895,1,-0.61926579566155,0,0.61926579566155,0
274,279,0.148077486326396,0.25612894996694,0,81.8026917442153,1,7.04967004961636,0,-7.04967004961636,0
272,280,0.0238011253615703,0.0749304311980428,0,9.91829400272932,1,-9.91829400272931,0,9.91829400272931,0
280,281,0.0158735262089463,0.112425403758404,0,126.979020651076,1,11.6638252629975,0,-11.6638252629975,0
275,282,0.0014822967102716,0.0023553475702133,0,1701.48187594312,1,-1023.4695869151,0,1023.4695869151,0
276,282,0.001989201866247,0.0183630313130667,0,268.40752156009,1,-66.0692735181885,0,66.0692735181885,0
242,283,0.0009432549708336,0.0323365859659251,0,923.819393785014,1,36.5400993114284,0,-36.5400993114284,0
277,283,0.0322795012215474,0.0170943101544477,0,182.593122084501,1,-50.3165645147305,0,50.3165645147305,0
270,284,0.0204800893632898,0.0043835303371256,0,49.0715652101381,1,-43.5210265296643,0,43.5210265296643,0
274,284,0.0266466789421163,0.120681122309257,0,514.385702430161,1,21.3673585212097,0,-21.3673585212097,0
279,284,0.0009206402798042,0.135387739977805,0,73.6548874601704,1,5.70961757563096,0,-5.70961757563096,0
281,284,0.023029811124559,0.0538718625854901,0,129.683158659778,1,11.6388824777661,0,-11.6388824777661,0
283,284,0.001501463860389,0.106329943361414,0,129.720531059823,1,4.80516795505767,0,-4.80516795505767,0
279,285,0.394324215606685,0.232216438623543,0,15.0011712330895,1,0.720786678323826,0,-0.720786678323826,0
281,285,0.0199953512796905,0.856944123841148,0,15.0011712330895,1,0.0249427852314313,0,-0.0249427852314313,0
283,285,0.0610707739070073,0.126990379727959,0,15.0011712330895,1,-0.745729463555278,0,0.745729463555278,0
282,288,0.0018774308201961,0.0171074884605272,0,627.549599982419,1,199.891444180869,0,-199.891444180869,0
286,288,0.0219683625055439,0.143062377407337,0,16.7862969346162,1,-3.15915232265114,0,3.15915232265114,0
283,289,0.0102838479296358,0.132151220686855,0,518.127863964375,1,-14.3443857133693,0,14.3443857133693,0
286,289,0.0060888726996372,0.075243033589148,0,135.949855849244,1,-0.734824911681276,0,0.734824911681276,0
243,290,0.0001534221999093,0.0100840901923419,0,899.265960831858,1,-212.352598664941,0,212.352598664941,0
283,291,0.223222571718887,0.226498358551592,0,2.62930858804277,1,-0.236110121423277,0,0.236110121423277,0
287,291,0.153419444788973,0.75635068302336,0,2.38980329988469,1,0.236110121423277,0,-0.236110121423277,0
241,293,0.0927691374508961,0.342690162361123,0,14.6650507099302,1,-2.60286384539789,0,2.60286384539789,0
283,293,0.002870122406427,0.227521872486308,0,39.3301039955001,1,-3.25540786001193,0,3.25540786001193,0
287,294,0.0678800129378575,0.0458932998284109,0,78.3172398491304,1,12.3336368324003,0,-12.3336368324003,0
289,294,0.034600753764733,0.0254020579094953,0,559.772079943798,1,87.772367756412,0,-87.772367756412,0
292,294,0.0017751057006746,0.0353939518456289,0,585.098546731128,1,-100.106004588812,0,100.106004588812,0
242,295,0.0980674364186383,0.810335262174214,0,15.0011712330895,1,0.250797383130072,0,-0.250797383130072,0
286,295,0.0740973818080371,0.221363781877557,0,84.1646489415272,1,3.89397723433239,0,-3.89397723433239,0
244,296,0.182064889461538,0.401147260589794,0,27.8038387356627,1,3.15227014072526,0,-3.15227014072526,0
256,296,0.0247866547110488,0.0549692438110786,0,273.517880609892,1,76.3564027247158,0,-76.3564027247158,0
287,296,0.0542257864625214,0.104863144014629,0,13722.3120436454,1,18.6748539938044,0,-18.6748539938044,0
288,296,0.0031842201682657,0.0204264217515293,0,655.482482050217,1,196.732291858218,0,-196.732291858218,0
290,296,0.0179355377715917,0.10981587709862,0,5013.12814433038,1,25.4055441556095,0,-25.4055441556095,0
247,297,0.0006704802723641,0.0033711663315924,0,1090.69477033289,1,564.668014427188,0,-564.668014427188,0
287,297,0.009132900373415,0.0915999515267302,0,1714.75345168933,1,-31.2446009476279,0,31.2446009476279,0
292,297,0.0025709593220019,0.0129784145208072,0,669.425805704457,1,-537.136667972599,0,537.136667972599,0
293,297,0.148020640312233,0.401720535534733,0,78.0782681955828,1,-5.85827170540982,0,5.85827170540982,0
297,298,0.071408588379223,0.0132990588895012,0,53.1817648875333,1,-9.57152619844921,0,9.57152619844921,0
290,299,0.0130401437046687,0.0390566590356163,0,345.326922724776,1,-75.6017394574964,0,75.6017394574964,0
295,299,0.0083315759498618,0.0643900780662196,0,118.961514447794,1,-47.1825500094736,0,47.1825500094736,0
298,299,0.0820134376719669,0.0830675622640963,0,70.824893866451,1,-9.57152619844915,0,9.57152619844915,0
241,300,0.0334202563009274,0.202889255260528,0,28.2694884053573,1,3.53279262853043,0,-3.53279262853043,0
243,300,0.157088238902367,0.197663763094255,0,33.4136263782553,1,-1.06053294603023,0,1.06053294603023,0
245,300,0.0003039788614054,0.0048313336320711,0,862.884641434164,1,-270.256914452867,0,270.256914452867,0
248,300,0.0088469643544315,0.0077035333337063,0,698.463199207926,1,119.161163534951,0,-119.161163534951,0
295,300,0.0096427459623993,0.0124234539990089,0,1069.04851840962,1,148.623491235416,0,-148.623491235416,0
33,66,0.0012953363970116,0.0143785329564968,0,1007.13099876195,1,-377.315125852704,0,377.315125852704,0
16,114,0.0003075900898203,0.0069135050487213,0,872.127283055787,1,-404.483950825795,0,404.483950825795,0
45,101,0.0378883646874081,0.123292147833057,0,15.3125217158315,1,-15.3125217158315,0,15.3125217158315,0
41,96,0.0002780557962392,0.0111840668642761,0,762.364956894752,1,-319.933397058063,0,319.933397058063,0
103,171,0.0026841604261831,0.0280408042525958,0,132.720773587626,1,-47.5875746775085,0,47.5875746775085,0
90,121,0.0090547601582822,0.202934312113293,0,81.3271716911747,1,3.29498880165074,0,-3.29498880165074,0
87,142,0.0036847900065109,0.0125063112070685,0,1385.84005126873,1,-264.377317557753,0,264.377317557753,0
78,155,0.0133054691543286,0.205846791573987,0,164.394833583731,1,11.2603263582191,0,-11.2603263582191,0
140,214,7.42636197758893e-05,0.0015245653268928,0,3043.64314770554,1,1023.06244984019,0,-1023.06244984019,0
131,205,0.0037637447859478,0.0043690244083995,0,1842.35128091514,1,648.457451681191,0,-648.457451681191,0
155,212,6.33537125263031e-05,0.0054134632761919,0,1419.91746930312,1,33.3048585973692,0,-33.3048585973692,0
128,186,0.0007260164358038,0.0178672253807235,0,286.673386744334,1,80.5386960543168,0,-80.5386960543168,0
235,290,0.0015705123545796,0.0157886577935312,0,1238.48997251688,1,162.156403363054,0,-162.156403363054,0
202,280,0.007268629929192,0.0223992071037395,0,1697.92795800211,1,161.517444499599,0,-161.517444499599,0
221,282,0.0001436942305988,0.0013504258702182,0,1431.15575309526,1,1183.48884673288,0,-1183.48884673288,0
235,295,0.0063976160685676,0.0271908829703151,0,271.363259761561,1,97.29616660848,0,-97.29616660848,0
289,40,0.0002508531328085,0.0007341947239677,0,2726.57399124581,1,-979.063463990941,0,979.063463990941,0
256,26,6.10935324071928e-05,0.0013574463720172,0,625.222209557714,1,-522.983946027389,0,522.983946027389,0
248,12,1.61299701377892e-05,0.0006347889156338,0,4136.0784474178,1,-1332.2001478124,0,1332.2001478124,0
249,50,0.0004994805057698,0.0017731296936962,0,2268.58000591855,1,-729.87622434375,0,729.87622434375,0
