from_bus,to_bus,resistance,reactance,susceptance,line_rating,line_status,P_from,Q_from,P_to,Q_to
2,4,0.0200873488862199,0.167078215620128,0,30.9031172478733,1,-2.56164028365994,0,2.56164028365994,0
3,4,0.000459952547992,0.132029437571805,0,33.0486898933502,1,2.56164028365995,0,-2.56164028365995,0
5,7,0.0142821254249239,0.0303158056102946,0,281.409880336581,1,-53.9319065914309,0,53.9319065914309,0
6,8,0.0007263639689938,0.0052224214069446,0,6318.74075110415,1,-2205.63609898521,0,2205.63609898521,0
2,10,0.0278847462443179,0.166627316571019,0,28.6449487327595,1,2.56164028365992,0,-2.56164028365992,0
3,10,0.0021499769588377,0.0042555209191586,0,1387.69260579865,1,280.352389923113,0,-280.352389923113,0
5,10,0.0012144315505471,0.0041090791851134,0,1285.43644792711,1,-282.914030206773,0,282.914030206773,0
6,12,0.0001657162175312,0.0003451811497367,0,11582.9201087554,1,1700.81160123443,0,-1700.81160123443,0
11,12,0.0009052665717803,0.0037049503068562,0,916.197524988434,1,-163.822305237758,0,163.822305237758,0
7,13,0.0027611506785462,0.0374505600569006,0,85.3635563788346,1,-45.0013954855315,0,45.0013954855315,0
7,14,0.104528950529048,0.0120720694215162,0,1191.05071323269,1,-8.93051110589909,0,8.93051110589909,0
9,14,0.0019396922604077,0.0064183477477816,0,2111.4312686663,1,-663.723396499777,0,663.723396499777,0
12,14,3.18936030479679e-05,0.0009797926806338,0,1996.79275197045,1,943.163675158384,0,-943.163675158384,0
12,15,0.0012498785669268,0.0108401338657452,0,168.327309133721,1,42.4051427656986,0,-42.4051427656986,0
14,15,0.0015406170436409,0.0109521489869697,0,142.394148867359,1,-42.4051427656984,0,42.4051427656984,0
12,16,8.95365325388267e-05,0.0069552897154381,0,1563.58684041564,1,562.509212886676,0,-562.509212886676,0
13,16,0.108895591514725,0.74849603421361,0,63.9442901050926,1,6.10000211517785,0,-6.10000211517785,0
14,16,0.066101137037258,0.2528230823012,0,160.756680329097,1,11.8197660216402,0,-11.8197660216402,0
9,18,0.0016808825080888,0.0216522796266747,0,385.714819468931,1,-187.537645044291,0,187.537645044291,0
14,19,0.0013043586939601,0.0040337150218332,0,2512.06029832339,1,301.095144296766,0,-301.095144296766,0
12,20,0.0013341556866727,0.038896193750258,0,30.1691128283518,1,-11.0887348140888,0,11.0887348140888,0
13,20,0.0019041752818716,0.0200296313894273,0,24.962828515092,1,11.0887348140888,0,-11.0887348140888,0
17,21,0.00290892638072,0.104738777768553,0,21366.8259391952,1,-31.9851456948631,0,31.9851456948631,0
19,21,0.0127436715526585,0.0213510538816852,0,317.930394977837,1,-123.582687177382,0,123.582687177382,0
11,22,0.0014602934931072,0.0084231343340824,0,689.182796228641,1,218.17462293231,0,-218.17462293231,0
13,23,0.0218293150242052,0.0963297873678393,0,236122.47032663,1,20.563155969727,0,-20.563155969727,0
17,23,0.0052954431348918,0.0173146498052656,0,229.09144330881,1,-87.9411221016356,0,87.9411221016356,0
18,24,0.0018936699211507,0.0509419709167361,0,40.2946508188782,1,-27.6277034675633,0,27.6277034675633,0
22,24,0.004263670742814,0.0152421578463189,0,964.289269941519,1,-179.015494377644,0,179.015494377644,0
18,27,0.0216767417921209,0.0488989767360642,0,7099.44678452004,1,-26.7207313386085,0,26.7207313386085,0
22,27,0.0026732576818694,0.0183497202668461,0,497.495414881077,1,-143.205952874667,0,143.205952874667,0
26,27,0.0169304784792529,0.0265781586353279,0,167.637954375559,1,-21.2066560013144,0,21.2066560013144,0
18,28,0.0021663695214988,0.0155785770917743,0,357.182695250169,1,-77.6854723890871,0,77.6854723890871,0
23,28,0.0030617810104814,0.0267737442557473,0,119.428319408095,1,-52.8191275343861,0,52.8191275343861,0
23,29,0.0106869563205613,0.0607830393050761,0,614.697176677691,1,-13.1789371112759,0,13.1789371112759,0
27,29,0.002608856783938,0.0117447604856114,0,1367.14354161267,1,60.4096831455777,0,-60.4096831455777,0
23,30,0.0302472051041112,0.28711986886013,0,5.05701796486568,1,-1.37990148624709,0,1.37990148624709,0
27,30,0.078423692543743,0.807561981290306,0,4.56190635734017,1,1.37990148624708,0,-1.37990148624708,0
26,31,0.063344132844486,0.418018962975077,0,61.5130201814591,1,0.0,0,0.0,0
27,33,0.0001777400163327,0.0031533822459319,0,1499.29729742621,1,-252.922924846415,0,252.922924846415,0
28,33,0.0055678891549671,0.0068499498170716,0,325.67735126041,1,-130.504599923473,0,130.504599923473,0
25,34,0.0007769113111617,0.0145127227423351,0,606.935050733618,1,-6.63043458460564,0,6.63043458460564,0
29,35,0.421598433188875,0.242239185266353,0,15.0718720900924,1,4.07703893185347,0,-4.07703893185347,0
32,35,0.0099098079727955,0.018192711786507,0,678.277372754116,1,-10.786029448195,0,10.786029448195,0
34,35,0.0235658943376163,0.0405505485082342,0,650.286489415074,1,6.70899051634164,0,-6.70899051634164,0
26,36,0.0298352661313817,0.0086327338855408,0,236.582730495417,1,21.2066560013144,0,-21.2066560013144,0
34,36,0.0003323539680932,0.0319879436957121,0,234.324740320578,1,-21.2066560013139,0,21.2066560013139,0
33,37,0.0001048714522572,0.0003715568259588,0,5156.18194047988,1,-2078.46520821508,0,2078.46520821508,0
32,38,0.0032511006687782,0.0086372613575187,0,1694.90481675301,1,-157.679059244794,0,157.679059244794,0
33,38,0.0042275721714233,0.0084284520445504,0,1972.75230185336,1,157.679059244794,0,-157.679059244794,0
19,39,0.001358724814162,0.002927347521893,0,1003.32575890799,1,386.320709324308,0,-386.320709324308,0
1,41,0.0147977774143951,0.12490134604426,0,49.1256650335671,1,-2.82521644602488,0,2.82521644602488,0
5,41,0.0192875928763173,0.0739435392296066,0,1155.3071134118,1,-39.9688095075145,0,39.9688095075145,0
11,41,2.1071725733631e-05,0.0164755609292366,0,1082.14352123518,1,-54.3523176945528,0,54.3523176945528,0
33,41,0.0001429838939154,0.0004502220540042,0,3677.02721163488,1,1537.3586242004,0,-1537.3586242004,0
40,41,0.0002175297778824,0.0015375626634612,0,2659.78907354041,1,-598.174925849891,0,598.174925849891,0
34,42,0.214891107796323,1.56310928340646,0,61.5130201814591,1,0.0,0,0.0,0
34,43,0.0217981416623196,0.175304530823919,0,60.6029502304008,1,7.86723090036655,0,-7.86723090036655,0
17,47,0.0314290553983501,0.0163207761917171,0,146.726833611128,1,83.5826752126319,0,-83.5826752126319,0
39,48,0.0017429807264028,0.0037170344678363,0,1003.49015150644,1,386.320709324308,0,-386.320709324308,0
44,48,0.0266776864668306,0.11414992944087,0,764.932334248946,1,13.5620562381345,0,-13.5620562381345,0
45,49,0.0021273611657034,0.0104976371303686,0,981.497319435028,1,-210.985889431606,0,210.985889431606,0
41,50,0.0076546212236402,0.0135602322733422,0,426.392171316864,1,125.822029622597,0,-125.822029622597,0
46,50,0.0263737507649796,0.0892552427596809,0,3965.99986628933,1,15.9117889375708,0,-15.9117889375708,0
41,51,6.2963708601266e-05,0.002138512195546,0,1818.64545523924,1,716.215325079816,0,-716.215325079816,0
49,51,0.0300473486014843,0.0786329626583778,0,888.179440145753,1,-3.85896359121516,0,3.85896359121516,0
48,52,4.63786924763402e-05,0.0062390367539251,0,395.096121720285,1,-171.04522746397,0,171.04522746397,0
50,52,0.0003297492041327,0.0152005339739091,0,243.010862807267,1,146.093371026356,0,-146.093371026356,0
51,52,0.0191951911553481,0.0959943800215192,0,11887.4837682804,1,24.9518564376136,0,-24.9518564376136,0
44,53,0.0026764224838895,0.0979824374424578,0,9892.35416363002,1,-13.5620562381346,0,13.5620562381346,0
45,53,0.0255355967412621,0.0373629431187886,0,1189.4990138069,1,-51.7317567959892,0,51.7317567959892,0
47,54,0.0054076526332506,0.0070409169133199,0,607.666805425407,1,-244.649913652395,0,244.649913652395,0
3,55,0.0007231605786882,0.0010220695345282,0,1917.02823497821,1,518.79238381584,0,-518.79238381584,0
5,55,0.0109661176127939,0.138947644222715,0,786.011544347072,1,-13.136744654583,0,13.136744654583,0
46,55,0.0243868188940478,0.117578399527516,0,74.9299209584994,1,7.17946623053229,0,-7.17946623053229,0
47,55,0.0049742375033334,0.0287645413455637,0,341.089569938666,1,-117.250309392957,0,117.250309392957,0
49,55,0.0056745316195643,0.0432143997533951,0,628.743729349761,1,-16.313114148089,0,16.313114148089,0
50,55,0.0083362432321145,0.132137516404165,0,338.80565903446,1,-4.35955246618887,0,4.35955246618887,0
54,55,0.0358167593427543,0.209824947618674,0,148.203407158159,1,-7.86413472832228,0,7.86413472832228,0
1,56,0.0870621011737105,0.0912124174437546,0,57.4516348099889,1,2.82521644602483,0,-2.82521644602483,0
3,56,0.0085926382625442,4.57108569023652e-05,0,691.489429063525,1,233.960562478114,0,-233.960562478114,0
54,56,0.000268862529474,0.0091628771784616,0,605.602632292655,1,-236.785778924073,0,236.785778924073,0
5,57,0.0091078228735861,0.0443558645886503,0,1513.04410313348,1,13.2828666614615,0,-13.2828666614615,0
9,57,0.0078081421889293,0.0541479327034855,0,668.385242962688,1,-35.6068180144375,0,35.6068180144375,0
17,57,0.028383740500465,0.0111704840377083,0,100.727781728051,1,36.3435925838672,0,-36.3435925838672,0
19,57,0.0379042954467498,0.0291325290392532,0,283.309583390334,1,38.3571221498395,0,-38.3571221498395,0
43,57,0.0761794945549207,0.0807113135903781,0,67.5200724635782,1,7.86723090036658,0,-7.86723090036658,0
3,58,9.14527847047872e-05,0.0004361770363207,0,2728.93049404827,1,-989.941842751603,0,989.941842751603,0
6,58,8.35677242880698e-05,0.0006094314730559,0,3741.41224638055,1,765.697908287586,0,-765.697908287586,0
51,59,0.0008505438348007,0.0051794322103034,0,617.557641228141,1,478.313773221292,0,-478.313773221292,0
57,59,0.0089752824350672,0.0077089958551357,0,877.052462268644,1,60.2439942810971,0,-60.2439942810971,0
59,60,0.0003107367744424,0.006498794364105,0,1562.17070749172,1,538.557767502391,0,-538.557767502391,0
65,66,0.020094250855448,0.417794687690258,0,2.67614624025211,1,1.68720821583271,0,-1.68720821583271,0
65,69,0.0020125340749219,0.0348285515749993,0,158.51931806358,1,43.8174272469908,0,-43.8174272469908,0
67,70,0.0110894861300079,0.487936700372547,0,10.4283143519125,1,-1.4164235724456,0,1.4164235724456,0
61,71,9.70581199286674e-05,0.0100848365797403,0,268.27124042297,1,211.966687925976,0,-211.966687925976,0
69,72,0.0203902520358539,0.209068576408605,0,41.278711007072,1,-2.97257956564927,0,2.97257956564927,0
66,73,0.187324948030832,0.338162642462168,0,2.81489739277549,1,1.6872082158327,0,-1.6872082158327,0
70,73,0.0276688429155314,1.69326599694383,0,2.74402340265605,1,-1.6872082158327,0,1.6872082158327,0
69,74,0.0008192694921944,0.102079545891441,0,305.194475575979,1,16.8869847083927,0,-16.8869847083927,0
74,76,0.0537635593464215,0.163818967291132,0,15.6652334959718,1,0.955759327036731,0,-0.955759327036731,0
75,77,1.10780397403503,1.59094820871649,0,61.5130201814591,1,0.50921268008824,0,-0.50921268008824,0
69,78,1.4405190637504,1.27278618779141,0,61.5130201814591,1,0.0,0,0.0,0
65,79,0.0092733200598873,0.254237829814683,0,37.9649303063689,1,6.12104448696305,0,-6.12104448696305,0
70,80,0.15196677493245,1.10020412064753,0,14.3656990558293,1,0.270784643387095,0,-0.270784643387095,0
74,81,0.0002666153262357,0.0296252173501964,0,308.104531216943,1,67.7643130548761,0,-67.7643130548761,0
75,81,0.0093539129850393,0.382697493973095,0,55.7604685099798,1,6.23402541466431,0,-6.23402541466431,0
77,81,0.0071815365809301,0.155226500825679,0,126.865961025373,1,10.1504246628863,0,-10.1504246628863,0
74,84,0.0208310935209347,0.362025679792453,0,61.5130201814591,1,-0.536920170286931,0,0.536920170286931,0
75,84,0.0670242521186993,0.342387046064052,0,61.5130201814591,1,0.536920170286936,0,-0.536920170286936,0
81,86,0.0229574391523578,0.0354044114068914,0,395.470170591577,1,84.1487631324268,0,-84.1487631324268,0
85,86,0.0012707792763175,0.0076099592713677,0,507.301322223635,1,-257.507592247707,0,257.507592247707,0
64,87,0.231700957377407,0.166972569739947,0,61.5130201814591,1,0.0,0,0.0,0
82,88,3.98127382323406e-05,0.0006813092838728,0,3194.59270307931,1,789.096308030938,0,-789.096308030938,0
87,88,5.94011971121637e-05,0.000883178621661,0,4840.64037874747,1,-789.096308030943,0,789.096308030943,0
80,89,0.0030441272813161,0.0068418639324348,0,748.929341977947,1,279.998371707799,0,-279.998371707799,0
86,89,0.0122046803485929,0.0109063053563263,0,1071.36214365342,1,-173.358829115281,0,173.358829115281,0
83,91,0.0010080307149612,0.0008974114407463,0,1008.01296871162,1,626.812960584907,0,-626.812960584907,0
75,92,0.0007250542833844,0.180204614826408,0,63.2442711404013,1,-4.5949776976056,0,4.5949776976056,0
90,92,0.0784831828641314,0.114421743739174,0,18.0100852539958,1,-5.56550812692429,0,5.56550812692429,0
87,94,0.0001888909510452,0.0008584217631907,0,874.122989693162,1,789.096308030948,0,-789.096308030948,0
91,95,0.0017467022723233,0.0008049233960189,0,1943.31844205212,1,519.051403411333,0,-519.051403411333,0
75,96,0.0093518744075615,0.0954721931485406,0,61.5130201814591,1,-2.6851805674339,0,2.6851805674339,0
77,96,0.095113125625482,0.110617947299334,0,133.200957776841,1,-9.64121198279806,0,9.64121198279806,0
68,98,3.48327473492828e-05,0.0016791767410335,0,1613.05168391306,1,-580.071169076533,0,580.071169076533,0
69,98,0.0072509562994758,0.0280597542780788,0,91.8595271141039,1,63.2694117327617,0,-63.2694117327617,0
80,98,0.0256119053835935,0.14444327021074,0,144.178162276702,1,-7.81515419448768,0,7.81515419448768,0
90,98,0.081780232634123,0.111569841251763,0,20.7329692059571,1,5.56550812692429,0,-5.56550812692429,0
95,98,0.0001985064883886,0.0027014745276052,0,1634.79570465295,1,519.051403411336,0,-519.051403411336,0
97,99,0.0526652868257318,0.0687520995744558,0,74.8381553169978,1,4.93762987351003,0,-4.93762987351003,0
93,100,0.0008469346969668,0.0027568133215791,0,672.643680504978,1,-179.017011316122,0,179.017011316122,0
94,100,0.0036110848872081,0.012339279129668,0,1704.60132180412,1,386.579012192979,0,-386.579012192979,0
93,101,1.7048191559686e-05,0.0188650435355999,0,155.038922048912,1,-9.90693939287937,0,9.90693939287937,0
92,102,0.0012319434090394,0.0005722768780993,0,2255.10854773694,1,-361.468703818687,0,361.468703818687,0
99,102,0.0001594212619825,0.0019386683494339,0,2150.38214597314,1,618.82288475458,0,-618.82288475458,0
67,103,0.0061047683056212,0.139139630080045,0,239.951180474402,1,-9.55506612654064,0,9.55506612654064,0
76,103,0.0758737165470071,0.0915519569041642,0,16.2901908201298,1,0.955759327036754,0,-0.955759327036754,0
79,103,0.001689020355979,0.532788133038916,0,24.1251420559518,1,3.63706548849038,0,-3.63706548849038,0
93,103,0.0128602283798281,0.0530879986275787,0,298.375117171037,1,1.37572639452999,0,-1.37572639452999,0
99,104,0.0003085745633362,0.0011666265840126,0,1309.13701935776,1,-678.706522506991,0,678.706522506991,0
96,105,0.0187620348263804,0.0774168719849735,0,121.337002224063,1,-12.3263925502319,0,12.3263925502319,0
99,105,0.0097644717143115,0.0226574183783624,0,448.48979505584,1,45.1930515248514,0,-45.1930515248514,0
99,106,0.0177606864860894,0.026805277320005,0,69.9262590227866,1,43.1291756388492,0,-43.1291756388492,0
101,106,0.0007840002353583,0.0212889072658643,0,153.047280307998,1,-67.6810846120166,0,67.6810846120166,0
102,106,0.033338830041213,0.0009054419088339,0,250.75126997346,1,-48.1564047026438,0,48.1564047026438,0
97,107,0.0001185464905543,0.147623761958665,0,79.4267787030616,1,-5.97604734141495,0,5.97604734141495,0
99,107,0.0299378883009192,0.0519842183015528,0,1559.42107668128,1,-23.5009595377841,0,23.5009595377841,0
103,109,0.0154825388804368,1.02206068888674,0,3.25243593473267,1,-1.1322762098069,0,1.1322762098069,0
79,110,0.0110139846564139,0.212802405157593,0,61.5130201814591,1,-1.40631936206214,0,1.40631936206214,0
101,110,0.0035837827684255,0.0061932649135125,0,1348.58778543338,1,-319.237768403851,0,319.237768403851,0
108,110,0.0507649327370489,0.295654094281335,0,144.32814726669,1,-18.5611973007424,0,18.5611973007424,0
109,110,0.143872537221544,0.953652882275449,0,4.48368752198147,1,-1.1322762098069,0,1.1322762098069,0
107,111,0.0385440119883098,0.0297280958813842,0,3213.72477436788,1,-29.4770068791991,0,29.4770068791991,0
103,112,0.0286094417647618,0.216206281744762,0,12.279155229473,1,5.08245593544244,0,-5.08245593544244,0
108,112,0.0352663563337158,0.152216804060639,0,42.2947815675327,1,-14.1362947149893,0,14.1362947149893,0
61,113,0.0075451836533681,0.0084649071976542,0,350.291934230018,1,-211.966687925976,0,211.966687925976,0
63,113,0.0030407877983638,0.0257641100444566,0,457.192219189648,1,44.8060199668518,0,-44.8060199668518,0
72,113,0.0163743638471146,0.0915341411209439,0,43.2240792562062,1,-2.97257956564927,0,2.97257956564927,0
110,113,0.0082843391273157,0.0018346517272663,0,1272.59133094116,1,-340.337561276461,0,340.337561276461,0
111,113,0.0002305779262775,0.004071481564057,0,939.485050903793,1,514.160545133596,0,-514.160545133596,0
111,114,0.0008259296383273,0.0012557205874996,0,3189.3734376891,1,-658.875163197047,0,658.875163197047,0
62,115,0.0267796939836131,0.293475908195097,0,15.980481632735,1,-5.38689652037706,0,5.38689652037706,0
97,115,0.111512933442325,0.259421522166488,0,3.10233424862683,1,1.03841746790495,0,-1.03841746790495,0
111,115,0.002277908226792,0.0483195965311577,0,4292.32301989029,1,41.9682667640725,0,-41.9682667640725,0
65,116,0.028019910085194,0.110421967815161,0,61.5130201814591,1,-0.561030744369873,0,0.561030744369873,0
106,116,0.0060036181725738,0.0255149746304558,0,378.76065237291,1,-72.70831367581,0,72.70831367581,0
111,116,0.0015090482582229,0.0190927466800826,0,471.437732959421,1,73.2693444201797,0,-73.2693444201797,0
79,117,0.058417442425389,0.326616122162433,0,5.93123679478907,1,3.8902983605348,0,-3.8902983605348,0
63,118,0.0412798139249124,0.0035251122325212,0,294.445760450643,1,163.204279464936,0,-163.204279464936,0
108,118,0.0576088392542648,0.0496558766199797,0,917.712593928786,1,-134.750791929908,0,134.750791929908,0
91,119,0.0082186284439884,0.0148039608901417,0,1045.65814017744,1,107.761557173569,0,-107.761557173569,0
103,119,0.0065923515418295,0.0686660585338001,0,6.07676661292898,1,-6.07676661292902,0,6.07676661292902,0
112,119,0.0754819088813108,0.167456760473608,0,18.5648028354796,1,-9.0538387795468,0,9.0538387795468,0
115,119,0.031475820531472,0.0667120250463435,0,995.242353823262,1,37.6197877116005,0,-37.6197877116005,0
108,120,0.0057985414061794,0.0928841511311152,0,853.720854938005,1,-31.4178051884915,0,31.4178051884915,0
113,120,0.002584917045177,0.865611636807104,0,9.25679728127417,1,3.68973633236124,0,-3.68973633236124,0
117,120,0.211140411856359,0.256940576664589,0,6.30089808485954,1,3.89029836053481,0,-3.89029836053481,0
118,120,0.118219151116324,0.132600705925259,0,5739.37970272871,1,28.4534875350281,0,-28.4534875350281,0
121,122,0.0023034404661948,0.0134629290738423,0,1203.03728286629,1,195.227401411664,0,-195.227401411664,0
121,124,0.015070160686594,0.0703547662048059,0,32.0400750577125,1,17.7512117716791,0,-17.7512117716791,0
122,126,0.0095110270494571,0.0183530658712933,0,518.686298914326,1,91.2446684460581,0,-91.2446684460581,0
125,127,0.0045611755014017,0.590125465676317,0,5.46128667619112,1,-1.29759317079123,0,1.29759317079123,0
126,128,1.28928378707865,0.733443843759742,0,35.6369592916719,1,-4.11306072971966,0,4.11306072971966,0
127,128,0.0642812852240522,0.608526199309823,0,6.73275616167036,1,-1.29759317079123,0,1.29759317079123,0
123,129,0.000870367361917,0.0062587324733151,0,965.00780806435,1,-294.31576680026,0,294.31576680026,0
125,130,0.0163233424392541,0.0874302635166915,0,230.827292660434,1,-17.8509247147485,0,17.8509247147485,0
124,131,0.0022514100719865,0.0291012009979082,0,49.6831547439771,1,25.7501673059207,0,-25.7501673059207,0
125,131,0.0056786316383344,0.0297740379255416,0,41.776906443301,1,-28.3257536600359,0,28.3257536600359,0
130,131,0.000632702068727,0.278514827094612,0,61.5130201814591,1,2.57558635411516,0,-2.57558635411516,0
125,132,0.0409501421015245,0.0894729199115799,0,1237.75334959056,1,-26.8873506283659,0,26.8873506283659,0
128,132,0.0046842177641802,0.157158001675641,0,60.2577063390932,1,-5.41065390051088,0,5.41065390051088,0
124,133,0.0033357648349797,0.0756776411918579,0,1789.67142203541,1,24.8677034403778,0,-24.8677034403778,0
126,133,0.0236329523998548,0.0471350552899245,0,12525.7490629919,1,-24.8677034403779,0,24.8677034403779,0
129,134,0.292631948117947,0.166162152990363,0,28.2872173381892,1,13.5942684952392,0,-13.5942684952392,0
125,135,0.270665680497489,1.61391979709479,0,61.5130201814591,1,0.0,0,0.0,0
129,138,0.0014404858947872,0.019545306806329,0,486.840358117833,1,156.29303968628,0,-156.29303968628,0
132,138,0.0086148811141312,0.0760048868761746,0,706.221413730205,1,-32.2980045288767,0,32.2980045288767,0
137,138,0.0005412323141144,0.0116602083622199,0,1384.91843464981,1,177.05913732158,0,-177.05913732158,0
134,139,0.0110642671561151,0.0511830908437846,0,115.496192718004,1,-35.4202468729011,0,35.4202468729011,0
136,139,0.0371379798809496,0.0076299404480695,0,653.443439916245,1,66.4589898866623,0,-66.4589898866623,0
134,140,0.0081120982284386,0.0883948697415323,0,3634.82499663285,1,30.2210701156823,0,-30.2210701156823,0
137,140,0.0144474402425066,0.0454836869386633,0,438.54043347815,1,86.624277059578,0,-86.624277059578,0
134,141,0.378639824915421,0.7860812587057,0,61.5130201814591,1,0.81647101496322,0,-0.81647101496322,0
134,142,0.0624918696764533,0.0181380566152266,0,242.80283324564,1,17.9769742374948,0,-17.9769742374948,0
139,142,0.0541795138889897,0.0230432102170094,0,246.569579094865,1,92.8249610080904,0,-92.8249610080904,0
136,143,0.0100201356493747,0.0428136324232619,0,503.178741779839,1,86.5658023006069,0,-86.5658023006069,0
139,143,0.0398682214933754,0.168192377679662,0,1100.75787994367,1,19.0205902858562,0,-19.0205902858562,0
141,143,0.0344663896258314,0.911713967627367,0,61.5130201814591,1,0.816471014963226,0,-0.816471014963226,0
142,143,0.0326183642740927,0.0967302412598101,0,37.8075575835361,1,10.9596874911775,0,-10.9596874911775,0
136,145,0.0166453226166165,0.0583479814247862,0,264.591332392796,1,36.0935371196879,0,-36.0935371196879,0
144,145,0.0015738299964759,0.0037912309524675,0,1204.98049154581,1,-438.610832957654,0,438.610832957654,0
140,146,0.0044663103726115,0.0133897951836061,0,1239.67237951844,1,144.119384870822,0,-144.119384870822,0
137,147,0.0761082474489318,0.700584422950745,0,61.5130201814591,1,1.10397479801574,0,-1.10397479801574,0
142,147,0.0841401910037161,0.743897210232197,0,61.5130201814591,1,-1.10397479801574,0,1.10397479801574,0
146,148,0.0066946033521264,0.0904443275559074,0,582.055524992565,1,-0.250183902937673,0,0.250183902937673,0
144,150,7.31407683388388e-05,0.0046977306786905,0,791.897150084718,1,433.007326719703,0,-433.007326719703,0
148,150,0.0043422827163741,0.0026431587816858,0,456.889623165564,1,-414.455968629677,0,414.455968629677,0
149,150,0.0860083228544593,1.16015735286243,0,61.5130201814591,1,0.0,0,0.0,0
150,151,0.0029560351088366,0.255095653121022,0,4.21663333257358,1,0.931901006683178,0,-0.931901006683178,0
142,152,0.0168991933818315,0.0892356485330517,0,1177.51247166577,1,29.392201876142,0,-29.392201876142,0
143,152,0.0004625967454939,0.0172708200775977,0,206.905150851248,1,90.4820369882255,0,-90.4820369882255,0
146,152,0.0005159977118734,0.0166801553866473,0,287.743927909479,1,-99.0528559664154,0,99.0528559664154,0
151,153,0.0054028018174171,0.255276198607994,0,3.94695549798144,1,0.931901006683189,0,-0.931901006683189,0
152,153,0.1754070551362,0.651540214698181,0,2.12635956738052,1,1.5497622413309,0,-1.5497622413309,0
148,155,0.435135760999681,1.52675518669096,0,61.5130201814591,1,0.0,0,0.0,0
121,158,0.0035748789221563,0.0253774105890559,0,659.993692762715,1,-106.934475978756,0,106.934475978756,0
142,158,0.156177628468713,0.267440556337557,0,48.3736246906854,1,-0.841174779497617,0,0.841174779497617,0
156,160,0.0094083874502583,0.0274852685608285,0,1004.29327633006,1,-24.2073519744184,0,24.2073519744184,0
157,160,0.0027776480306006,0.014218022473092,0,838.389838271509,1,-180.548945269876,0,180.548945269876,0
154,162,0.061554263317326,0.0415864245643199,0,13.1415974021621,1,3.92722241269832,0,-3.92722241269832,0
161,162,0.0018001114161142,0.0083241221755618,0,696.35070831782,1,-254.616266336549,0,254.616266336549,0
157,163,0.0009865646382396,0.0144718634526453,0,997.077955083008,1,177.529623256479,0,-177.529623256479,0
154,164,0.0775881796522851,0.364369217243363,0,13.152624412698,1,-3.92722241269833,0,3.92722241269833,0
159,164,0.0001045057163634,0.013025642861477,0,733.762529400008,1,163.473119766859,0,-163.473119766859,0
161,165,0.0299054853900725,0.0804125215275909,0,494.508668950699,1,-22.9976072493921,0,22.9976072493921,0
161,166,0.0004768991136193,0.0065081009468759,0,646.669014323475,1,277.613873585941,0,-277.613873585941,0
163,167,0.0036404038743113,0.0106705988272034,0,308.515333569527,1,212.106286582152,0,-212.106286582152,0
158,168,3.83079110413982e-05,0.0250216171894733,0,285.602185757357,1,66.1442638078895,0,-66.1442638078895,0
159,168,0.0029881088651085,0.0109770423317556,0,489.570162605769,1,247.960353093566,0,-247.960353093566,0
164,168,0.001865434436389,0.0386822426533532,0,328.885533281728,1,15.3178506810078,0,-15.3178506810078,0
164,170,0.0030100131233455,0.0368823113782365,0,313.932744377533,1,-74.4769073277143,0,74.4769073277143,0
162,171,0.0373772176575307,0.156782505355542,0,3558.15889370689,1,-18.019851112437,0,18.019851112437,0
163,171,0.0990472506684054,0.29715939145652,0,15.1423518530408,1,3.59659551676938,0,-3.59659551676938,0
165,171,0.0010058369284413,0.038979155747443,0,169.840522413574,1,-79.4106148538325,0,79.4106148538325,0
157,172,0.042005250766052,0.484724416770904,0,32.62470749905,1,3.01932201339696,0,-3.01932201339696,0
158,172,0.0006136087108026,0.0134706780570012,0,610.032723704952,1,-173.919914566143,0,173.919914566143,0
163,172,0.0027056341569484,0.0213136212760009,0,109.920192610158,1,-51.8750591587591,0,51.8750591587591,0
121,173,0.0002975051126616,0.0240089484291754,0,1049.47181973138,1,-106.044137204587,0,106.044137204587,0
163,173,0.0125488542624087,0.102532927169127,0,142.661267003786,1,13.7018003163167,0,-13.7018003163167,0
164,173,0.102357141012589,0.299725690000883,0,40.6256983341512,1,-2.98538223276837,0,2.98538223276837,0
165,174,0.0023969851521117,0.008821966338059,0,337.785126028752,1,141.698000532947,0,-141.698000532947,0
142,175,0.0132597007748229,0.0117118035936159,0,681.792048233405,1,72.3951954557796,0,-72.3951954557796,0
174,175,0.0028856873278325,0.0428779763249202,0,607.950140589298,1,-72.3951954557796,0,72.3951954557796,0
125,176,0.0083465511016602,0.0411750781485577,0,656.064375603191,1,95.8887135500654,0,-95.8887135500654,0
126,176,0.0005165976177708,0.0176038019419161,0,494.59714645794,1,141.269961205814,0,-141.269961205814,0
169,176,0.0032347855527817,0.003104420807516,0,2137.6750495158,1,-360.242384684222,0,360.242384684222,0
126,177,0.942771586773207,0.884663889837342,0,61.5130201814591,1,-0.312288205623779,0,0.312288205623779,0
174,177,0.0004959145328145,0.0119732905253568,0,368.080986328267,1,214.093195988726,0,-214.093195988726,0
176,177,0.0111082135671916,0.0224494250112826,0,292.996402556522,1,-123.083709928343,0,123.083709928343,0
172,178,0.0011927500928502,0.0102474068093107,0,2704.68834265853,1,-222.775651711505,0,222.775651711505,0
178,179,0.0001602025944901,0.0012420465553832,0,4292.23735964249,1,-682.689949149019,0,682.689949149019,0
129,180,0.0002702741380641,0.0043869519111118,0,610.173194858286,1,-464.20307498178,0,464.20307498178,0
156,180,0.0117977622588507,0.0541847393078946,0,32456.5577140191,1,24.2073519744184,0,-24.2073519744184,0
170,180,0.0035695613984283,0.0364142370566649,0,327.288709789724,1,-74.4769073277143,0,74.4769073277143,0
178,180,0.0040189815651998,0.0004985696128144,0,547.336830751343,1,459.914297437514,0,-459.914297437514,0
181,184,0.0032711904767757,0.0603990372149703,0,33.7201898238066,1,-1.21936548381405,0,1.21936548381405,0
185,186,0.0011963291050499,0.0241215005369076,0,590.393769021623,1,-23.2019820958909,0,23.2019820958909,0
181,188,0.0013917521365266,0.099356983854076,0,28.6179191431944,1,1.21936548381407,0,-1.21936548381407,0
187,188,0.0001098439333568,0.0003623762390994,0,2292.40315343963,1,597.878662697298,0,-597.878662697298,0
187,190,0.0027454392478478,0.0102309190205806,0,923.259459202232,1,-302.917216133268,0,302.917216133268,0
187,191,0.103249553912452,0.0949338486368314,0,42.0316131294643,1,-3.86773159449776,0,3.86773159449776,0
188,191,0.0006706180628539,0.0191452190796244,0,8818.03793262818,1,-30.4951154937335,0,30.4951154937335,0
185,193,0.0492366187586003,0.0211426595158835,0,731.796786345395,1,-30.9467473616889,0,30.9467473616889,0
184,194,0.0007772801694181,0.002968333215156,0,632.626511147663,1,-456.204648451317,0,456.204648451317,0
192,195,0.0665994535432363,0.160986555818268,0,256.401798013376,1,-15.6789573667125,0,15.6789573667125,0
186,196,0.0088065062917344,0.0276982511296386,0,2088.46626470014,1,-28.0132453721281,0,28.0132453721281,0
189,196,0.0017178087160815,0.0025258385073794,0,918.399964134486,1,463.798677502477,0,-463.798677502477,0
190,196,0.0063312431237585,0.0081668853648469,0,1047.51864939435,1,-302.917216133268,0,302.917216133268,0
193,196,0.0004809017618939,0.0051275467285528,0,429.067203319379,1,-132.868215997081,0,132.868215997081,0
188,198,0.0003891678949514,0.011162488670992,0,294.853547205633,1,-219.681877671398,0,219.681877671398,0
192,198,0.0241414172858172,0.0752282660904533,0,259.912645091116,1,15.6789573667125,0,-15.6789573667125,0
195,201,0.0002243798477615,0.0010627285600535,0,1959.81642858749,1,332.434359788893,0,-332.434359788893,0
199,201,0.0168017930111091,0.0485297431042712,0,112.938598853095,1,-38.9179752463584,0,38.9179752463584,0
195,202,0.0007514337255452,0.0031651565748931,0,809.87642720038,1,-636.41085614907,0,636.41085614907,0
200,203,0.0120977977902243,0.0698612502249388,0,180.801972024818,1,0.91790062097683,0,-0.91790062097683,0
201,203,0.0011529709709066,0.0134343508641673,0,483.939176672338,1,183.474138726149,0,-183.474138726149,0
195,204,0.0051065813003447,0.0114718117077784,0,986.458879004914,1,157.695031554205,0,-157.695031554205,0
195,205,0.0022075314105567,0.0232228977286719,0,233.032964519011,1,58.6910513144016,0,-58.6910513144016,0
200,205,0.0013659695373431,0.0285090162764889,0,146.823388013369,1,-48.7930366281934,0,48.7930366281934,0
200,206,0.14421961115767,0.226243408818113,0,61.5130201814591,1,0.1406904902784,0,-0.1406904902784,0
182,207,0.0019027100230268,0.0007518046815511,0,1337.24446821207,1,-687.726150184352,0,687.726150184352,0
197,207,0.0019431137445804,0.0027906685495955,0,3443.74536895209,1,580.301729127543,0,-580.301729127543,0
200,208,0.0158826212536208,0.12105499819508,0,441.81517987715,1,1.79205202891251,0,-1.79205202891251,0
201,208,0.0412389111547252,0.161896881827951,0,17.8122795123773,1,16.1687309524072,0,-16.1687309524072,0
204,209,0.0037850010885864,0.0240184422951245,0,196.706796155505,1,45.6218628333323,0,-45.6218628333323,0
204,210,0.005698864915703,0.0519867411928029,0,946.744095944543,1,101.08653398386,0,-101.08653398386,0
207,211,0.0439850842547097,0.151927525369156,0,1378.5468539213,1,-23.5642892192708,0,23.5642892192708,0
208,211,0.0015984527385689,0.0632889871024287,0,1615.81887446978,1,23.5642892192708,0,-23.5642892192708,0
203,212,0.0008683335053414,0.0091249789202628,0,299.412270637125,1,162.723964042752,0,-162.723964042752,0
188,213,0.0081427909352528,0.0214790483720852,0,296.331586465303,1,-156.665957253694,0,156.665957253694,0
200,213,0.0042280072698345,0.130017516181074,0,5.10259256602448,1,0.28261700511405,0,-0.28261700511405,0
206,213,0.108374861048467,0.0349338815783618,0,61.5130201814591,1,0.140690490278406,0,-0.140690490278406,0
199,214,0.0076243537310164,0.0505389668186552,0,109.643171928161,1,38.9179752463584,0,-38.9179752463584,0
209,214,0.0253347216410367,0.0285833856592688,0,174.402218998041,1,45.6218628333321,0,-45.6218628333321,0
213,214,4.43813629280362e-05,0.0061558161574067,0,1209.83433225151,1,230.363957270408,0,-230.363957270408,0
188,215,0.0003314194848485,0.0035943665549411,0,2495.02745064168,1,1005.94097859994,0,-1005.94097859994,0
207,216,0.0020550921556117,0.0028910460844427,0,604.546590716482,1,241.286978398829,0,-241.286978398829,0
182,217,0.0020350285164986,0.160708142345482,0,1118.79148126441,1,-27.5854923172411,0,27.5854923172411,0
200,217,0.005487015856876,0.0205727468726411,0,363.134837271625,1,66.6990908704533,0,-66.6990908704533,0
215,219,0.0007183653407267,0.0075519407785882,0,1062.5970604694,1,-80.5862433551365,0,80.5862433551365,0
216,219,0.0068556301650543,0.0052488627832463,0,1386.94780240956,1,80.5862433551361,0,-80.5862433551361,0
216,220,0.0065563236185993,0.0264782426529325,0,124.45505829186,1,106.542548258316,0,-106.542548258316,0
212,221,0.0003788652081784,0.0016335317031033,0,1071.86300106997,1,450.655839366399,0,-450.655839366399,0
214,221,0.0008912124633057,0.0029186003578476,0,4056.06058950489,1,284.491055430611,0,-284.491055430611,0
222,223,0.0068074843429453,0.0329858709680356,0,471.631417410285,1,-80.054846359022,0,80.054846359022,0
213,224,0.0059397327789947,0.0102409653281976,0,5059.74624402958,1,-366.413409880183,0,366.413409880183,0
218,224,0.0238436593102148,0.0879954843149242,0,82047.3206887798,1,-38.0649831293919,0,38.0649831293919,0
218,225,0.0003810451084349,0.0175986077327568,0,1475.65417309346,1,-189.410207298181,0,189.410207298181,0
223,226,0.0011318365825309,0.0221148013219122,0,376.88017028302,1,-160.603788696906,0,160.603788696906,0
224,226,0.0005855856213254,0.0116649288410262,0,642.634256222872,1,188.374263496735,0,-188.374263496735,0
224,227,0.0001411224829271,0.0017616656575143,0,2009.08384315001,1,-576.070054553828,0,576.070054553828,0
228,229,0.0431748853146305,0.657000321217689,0,11.3957542137689,1,-1.4940658638171,0,1.4940658638171,0
224,230,0.0012815010002462,0.0437671000715187,0,1217.52394147643,1,112.212517187157,0,-112.212517187157,0
207,231,0.0023586902474322,0.0064045706876815,0,1410.97523568055,1,-325.147110236374,0,325.147110236374,0
218,231,0.0059101769573164,0.0178423977037231,0,368.042232401442,1,200.201152732011,0,-200.201152732011,0
229,231,0.0093736617507939,0.0786917953359313,0,3169.37978148752,1,-24.6838131628004,0,24.6838131628004,0
230,231,0.0125292209093749,0.0179159936439014,0,1233.93166788692,1,112.212517187157,0,-112.212517187157,0
224,232,0.0388486234820831,0.131059960746253,0,28.1082438100502,1,7.46301027972308,0,-7.46301027972308,0
225,232,0.018092807356374,0.0214380879583057,0,173.527388073223,1,44.8692602199769,0,-44.8692602199769,0
226,232,0.000253903625636,0.0232986364478057,0,168.467818425306,1,-52.3322704997002,0,52.3322704997002,0
223,233,0.0191500565431407,0.0569552803880146,0,1328.66938844444,1,-28.6783048330522,0,28.6783048330522,0
226,233,0.0149149860000233,0.0239484923841961,0,300.369090468334,1,80.1027452995297,0,-80.1027452995297,0
182,234,0.0007799106621804,0.0056988923884994,0,2902.90487415918,1,-429.984347137413,0,429.984347137413,0
184,234,0.0067407305298667,0.0004761799340816,0,876.283975039866,1,310.769833443351,0,-310.769833443351,0
214,234,0.0010674188934482,0.0624783853665507,0,30.4127399194866,1,30.4127399194866,0,-30.4127399194866,0
228,236,0.047168037483542,0.638825173378215,0,12.0923578117546,1,1.4940658638171,0,-1.4940658638171,0
229,236,0.0051642262631547,0.0834872675401913,0,580.144243697363,1,23.1897472989834,0,-23.1897472989834,0
182,237,0.0007560387455068,0.0177896386211796,0,1527.64324995363,1,-139.810864835029,0,139.810864835029,0
235,237,0.0266716854228304,0.0806114611532636,0,725.059930197308,1,-24.5843177802422,0,24.5843177802422,0
185,238,0.0133779919265614,0.037808967254581,0,654.866100967978,1,159.891435427284,0,-159.891435427284,0
187,238,0.0008628234984209,0.178793526730487,0,134.617841183474,1,10.1116797731831,0,-10.1116797731831,0
235,238,0.029490281450627,0.0183898209249273,0,3452.85567936081,1,-16.6920088895932,0,16.6920088895932,0
236,238,0.0046085124701582,0.0136413395442045,0,545.267871293845,1,-153.311106310874,0,153.311106310874,0
183,239,0.0003829998319053,0.0021922176486607,0,1778.22675763821,1,562.016587842879,0,-562.016587842879,0
187,239,0.0182395514188103,0.004137138579002,0,1000.86178492457,1,-301.205394742709,0,301.205394742709,0
191,239,0.0034451033678537,0.0255784921073872,0,20126.6231117709,1,-34.3628470882311,0,34.3628470882311,0
231,239,0.0331336061527408,0.0338597271420397,0,686.72341847492,1,-37.4172534800056,0,37.4172534800056,0
182,240,0.0013496615591745,0.0561522370026355,0,15.9203425812317,1,-1.21279133473511,0,1.21279133473511,0
235,240,0.0184827521931179,0.0617060556939871,0,35.3536585415759,1,7.08692253340839,0,-7.08692253340839,0
236,240,0.05593243146874,0.229327490418691,0,83.3371124192117,1,-5.87413119867333,0,5.87413119867333,0
244,246,8.83196868277947e-05,0.0234387331401574,0,827.325654809041,1,-101.42356547938,0,101.42356547938,0
245,248,0.282278905084609,0.758019395443753,0,2.07312372353143,1,-0.43849214204793,0,0.43849214204793,0
245,249,0.0146483801150104,0.200470480588623,0,11.3919520505444,1,1.13971181251459,0,-1.13971181251459,0
245,250,0.0046220826502031,0.0092193969762077,0,237.363903699546,1,55.9150186759897,0,-55.9150186759897,0
242,251,0.0225819009356085,0.426091014830592,0,62.9993832353488,1,2.24811551657155,0,-2.24811551657155,0
245,251,0.0229170201430625,0.0913545934818613,0,532.829072721191,1,-23.3646182837557,0,23.3646182837557,0
242,252,0.244156337108709,0.148814472565952,0,328.442079400809,1,14.7337456533242,0,-14.7337456533242,0
246,252,0.0025183393322909,0.113572652770584,0,341.76764900395,1,-14.7337456533242,0,14.7337456533242,0
245,253,0.0160421229466079,0.0519069356429013,0,116159.162451977,1,-18.7139337033908,0,18.7139337033908,0
245,254,0.0066409494693378,0.0555318753443897,0,312.05968878582,1,-14.5376863593095,0,14.5376863593095,0
251,255,0.0479670950809235,0.0501195498702988,0,245.749548512969,1,-26.5435652575317,0,26.5435652575317,0
254,255,0.123553021717058,0.181246523464609,0,91.4821219739352,1,-14.6624150926109,0,14.6624150926109,0
248,256,0.307095349769848,0.721261857317758,0,61.5130201814591,1,-0.43849214204793,0,0.43849214204793,0
251,256,0.141596076562606,0.27377831056843,0,16.120465233456,1,5.42706249034746,0,-5.42706249034746,0
253,256,0.115501708861581,0.275856256513193,0,32.366747168288,1,1.16991998380596,0,-1.16991998380596,0
254,257,0.419373601848732,0.726484124593392,0,4.12541078260159,1,0.803198327850224,0,-0.803198327850224,0
253,259,0.0089740164224453,0.0333176192301769,0,1260.68612827482,1,-19.8838536871968,0,19.8838536871968,0
249,260,9.45587225255355e-05,0.0029923894362598,0,1207.37928091784,1,-408.344347763742,0,408.344347763742,0
254,260,0.0015237775838775,0.0945945873099313,0,37.5815230006838,1,-1.96778437762433,0,1.96778437762433,0
255,261,0.0015017875733508,0.0327773957891597,0,414.512486446428,1,-104.787427993786,0,104.787427993786,0
258,261,0.0022766269434235,0.0109030394847767,0,489.346036915806,1,-335.237258710754,0,335.237258710754,0
260,262,0.0008207947846359,0.0026725992358127,0,1208.86726049854,1,-494.923712327393,0,494.923712327393,0
260,263,0.009148802867294,0.025937285517777,0,432.212361470555,1,-39.5517063465605,0,39.5517063465605,0
256,264,0.0738107923881847,0.167500091337727,0,55.2649295477057,1,6.15849033210548,0,-6.15849033210548,0
260,264,9.02156647208226e-05,0.0111924628293718,0,204.409195132669,1,122.970363780962,0,-122.970363780962,0
260,265,0.0511627610881572,0.420166737214583,0,2.16453251415152,1,0.482207841032795,0,-0.482207841032795,0
264,265,0.0007324759476339,0.0236040259271428,0,276.943111512602,1,-49.7259888685771,0,49.7259888685771,0
258,266,0.0306907514134522,0.0536647465485043,0,209.143569511812,1,18.9443902878042,0,-18.9443902878042,0
263,266,0.0255424521873096,0.124416623830403,0,292.055400252991,1,-1.67513096441456,0,1.67513096441456,0
259,267,0.0073298778565671,0.0457350736627999,0,5977.79528629411,1,15.2114406496035,0,-15.2114406496035,0
258,268,0.0007022167800522,0.0090209846018569,0,520.847679719187,1,316.292868422949,0,-316.292868422949,0
267,268,0.0007359870586781,0.0359644880206273,0,1566.09231784282,1,15.2114406496035,0,-15.2114406496035,0
259,269,0.0795338506534299,0.14659211305276,0,602.615077460313,1,16.4140478690878,0,-16.4140478690878,0
266,269,0.0039185396683405,0.01138896556263,0,566.090670413188,1,263.415417593862,0,-263.415417593862,0
266,270,0.0002715538354464,0.0021805295777366,0,1326.37633288734,1,-508.331631893823,0,508.331631893823,0
250,271,0.0007212259210976,0.0249536701440416,0,278.660515487706,1,55.9150186759898,0,-55.9150186759898,0
263,272,0.00075258588206,0.0132528967422014,0,438.383728472793,1,-37.8765753821462,0,37.8765753821462,0
259,273,0.0030750133075311,0.0638937086572389,0,748.028887279449,1,11.5844915852134,0,-11.5844915852134,0
260,273,0.0928612114444256,0.140361836049932,0,19.1647114218692,1,0.710714910595001,0,-0.710714910595001,0
265,273,0.0334908809297378,0.0024856331906921,0,116.396670895861,1,-41.3779659251418,0,41.3779659251418,0
269,273,0.0170739612352638,0.0472572886914964,0,1536.90792861167,1,-35.2536905252175,0,35.2536905252175,0
265,274,0.0016329284124179,0.0797795191977139,0,2030.02718865425,1,-7.86581510240265,0,7.86581510240265,0
271,275,5.33757881562793e-05,0.0041032526310835,0,2142.33059485875,1,-269.196374947321,0,269.196374947321,0
249,276,0.0002440550673455,0.0014529386449633,0,1143.95470688139,1,565.755605364605,0,-565.755605364605,0
268,276,0.0012724473416542,0.0029552504346022,0,2978.05277242364,1,487.804459901945,0,-487.804459901945,0
272,278,0.0034225003318493,0.0001061802544149,0,1990.47345264994,1,-50.3055123275999,0,50.3055123275999,0
277,278,0.0909754421521928,0.129083072097463,0,7.1518052251523,1,7.15180522515229,0,-7.15180522515229,0
279,280,0.0836023259357333,0.0556179390992856,0,149.265932930594,1,-9.25561654001419,0,9.25561654001419,0
275,281,0.0017772911771768,0.0200575013928309,0,646.368401575908,1,-67.0937443941601,0,67.0937443941601,0
259,282,0.0003162603598519,0.0078622995781375,0,1053.68912350667,1,-55.5992938366757,0,55.5992938366757,0
272,282,0.0245075999343364,0.0362284449333488,0,224.457271464802,1,12.4289369454493,0,-12.4289369454493,0
274,282,0.0105143475765097,0.0829709222461152,0,487.216890058627,1,-7.86581510240261,0,7.86581510240261,0
279,282,0.0458468244354116,0.323500941611656,0,40.3016731201877,1,6.9382569370049,0,-6.9382569370049,0
277,283,0.0015847689834805,0.0040756090464989,0,2024.01543726068,1,226.99964966363,0,-226.99964966363,0
275,285,0.0033951089148522,0.0061175602872519,0,1056.94617162286,1,-202.102630553162,0,202.102630553162,0
281,285,0.120828399043425,0.466110262103356,0,61.5130201814591,1,0.234617973269763,0,-0.234617973269763,0
283,285,0.0037417979631945,0.0115655558657269,0,638.52882421308,1,181.095793974077,0,-181.095793974077,0
284,285,0.0065170203320472,0.0887469347445934,0,274.914244500659,1,20.7722186058152,0,-20.7722186058152,0
279,286,0.0071016268005736,0.115699684649818,0,57.8896698377525,1,2.31735960300928,0,-2.31735960300928,0
280,286,0.0093780271792772,0.161283990469403,0,76.2940516749117,1,4.85414634185761,0,-4.85414634185761,0
280,288,0.0453334928980046,0.130536599288882,0,169.628589508833,1,9.61644238826501,0,-9.61644238826501,0
280,289,0.0516827446517661,0.086354139352752,0,1587.22526044109,1,35.9452071846609,0,-35.9452071846609,0
281,289,0.0116741939794379,0.017626621247667,0,439.919522223618,1,-67.3283623674299,0,67.3283623674299,0
283,289,0.0895804732673937,0.0393202455699135,0,123.140084612089,1,20.3036406053105,0,-20.3036406053105,0
284,289,0.129634079704309,0.239022866301055,0,7.28131410053708,1,2.28991204854027,0,-2.28991204854027,0
288,289,0.0166744584324088,0.21033030078252,0,137.905940683982,1,8.78960252891827,0,-8.78960252891827,0
283,290,0.0833451171740536,1.15009205302829,0,61.5130201814591,1,-1.37469407450506,0,1.37469407450506,0
287,290,0.0029696131859397,0.213204179190445,0,63.6926321219405,1,-5.36275499064475,0,5.36275499064475,0
241,291,0.0058684400372134,0.0450304326137446,0,2430.31722762173,1,28.0939975806177,0,-28.0939975806177,0
284,291,0.0162129562851737,0.274747152900396,0,4.69475859775482,1,-0.435977335640314,0,0.435977335640314,0
254,292,0.066949138531677,0.136193961992674,0,72.0135334448279,1,1.28931478307557,0,-1.28931478307557,0
269,292,0.0195892276650461,0.0397263369860966,0,85.5316535144055,1,-35.342106702723,0,35.342106702723,0
283,292,0.000826325099897,0.0701738599798279,0,86.9147117398003,1,26.9749091587469,0,-26.9749091587469,0
287,292,0.0338828986118083,0.329278759123068,0,76.439212876319,1,7.07788276090073,0,-7.07788276090073,0
242,293,0.0052329394786518,0.041993125435,0,789.868534683403,1,103.843210610919,0,-103.843210610919,0
243,293,0.178726062492746,0.204588499979354,0,81.4089315562277,1,7.05052619793464,0,-7.05052619793464,0
269,293,0.0001406630407887,0.0013954214261502,0,1760.1111180852,1,355.469387129459,0,-355.469387129459,0
287,294,0.120009636029137,0.253860268716124,0,10.2205146243495,1,-1.71512777025599,0,1.71512777025599,0
288,294,0.0780839686478917,0.214442804135082,0,16.8188413017186,1,0.82683985934674,0,-0.82683985934674,0
242,295,0.0228496170449133,0.0009492469983417,0,178.093749190759,1,-115.895828243441,0,115.895828243441,0
259,296,0.0031532994092398,0.0166546795981636,0,739.789362646806,1,57.7825584575365,0,-57.7825584575365,0
266,296,0.0005084003757179,0.0060630866167527,0,481.082090891429,1,256.669458083619,0,-256.669458083619,0
271,296,0.0012870227380286,0.0053656061096116,0,3555.95730721843,1,-481.26963745855,0,481.26963745855,0
293,296,0.0011963692805147,0.0161192947985976,0,259.054968317039,1,-120.343326850504,0,120.343326850504,0
295,296,0.0296291463075753,0.303434913630852,0,106.122428903366,1,8.34071841966596,0,-8.34071841966596,0
242,297,0.0027084481559029,0.0648128089585988,0,134.606720009255,1,-4.9292435373711,0,4.9292435373711,0
286,297,0.0055449330052648,0.0886248520050749,0,166.363114526586,1,7.17150594486693,0,-7.17150594486693,0
291,297,0.171513701508245,0.752172817423756,0,11.2419474648065,1,-1.35397449658661,0,1.35397449658661,0
294,297,0.142497485372028,0.0159157848511867,0,3.44823049056253,1,-0.888287910909291,0,0.888287910909291,0
243,298,0.0038600377247841,0.0948441718088822,0,74.816969043103,1,-7.05052619793465,0,7.05052619793465,0
246,298,0.0019428575133199,0.0186458121479758,0,519.476093754334,1,-86.6898198260564,0,86.6898198260564,0
291,298,0.0084523550473224,0.0534468034166579,0,3477.8733026442,1,29.011994741564,0,-29.011994741564,0
295,298,0.0292583132711348,0.327939163682563,0,118.719921067472,1,7.19510537375559,0,-7.19510537375559,0
241,299,0.0129397235773151,0.0611089168269615,0,3000.28335864134,1,-28.0939975806178,0,28.0939975806178,0
247,299,0.0009240332257586,0.001253584204218,0,2699.53718025141,1,596.932991465383,0,-596.932991465383,0
290,299,0.138989667296739,0.188444413046645,0,62.5383373473751,1,-6.7374490651498,0,6.7374490651498,0
295,299,0.0011993487633838,0.0052810560337708,0,3013.83811998739,1,-411.455616698723,0,411.455616698723,0
249,300,0.0003935527740292,0.0270555047913156,0,684.01974160688,1,-86.6021426198087,0,86.6021426198087,0
295,300,0.0068580415912406,0.183277249449203,0,121.470788151757,1,5.9352412131466,0,-5.9352412131466,0
299,300,0.0049936479466824,0.021644892047411,0,573.289942372691,1,150.645928120893,0,-150.645928120893,0
45,100,0.0054852041470579,0.012578663029239,0,207.562000876855,1,-207.562000876855,0,207.562000876855,0
5,67,3.66054500214669e-05,0.0009284629624865,0,558.131661154307,1,408.936034923605,0,-408.936034923605,0
5,62,0.0329098273362625,0.0711504841155925,0,72.6424033096271,1,-32.2674106247554,0,32.2674106247554,0
55,108,0.0012835673866739,0.0165923463772591,0,1279.07631403797,1,248.678139162332,0,-248.678139162332,0
94,145,0.0032869121828639,0.001005640787301,0,1026.74431549867,1,402.51729583797,0,-402.51729583797,0
62,143,0.0034339456770756,0.0738684785424791,0,135.406811200251,1,-26.8805141043783,0,26.8805141043783,0
105,124,0.0063638472515553,0.0358650450119507,0,306.502218194224,1,32.8666589746195,0,-32.8666589746195,0
93,153,0.0060194571645609,0.276504960022994,0,61.5130201814591,1,-2.48166324801408,0,2.48166324801408,0
140,218,0.0016955892444406,0.0487941182860318,0,56.1055705764426,1,-27.2740376955619,0,27.2740376955619,0
130,233,0.0073538746217749,0.097372806760391,0,160.434047148714,1,-20.4265110688637,0,20.4265110688637,0
165,195,0.0054985746265833,0.0477851684821696,0,843.099083632798,1,-85.2849929285064,0,85.2849929285064,0
144,208,0.0020815872589595,0.0847296064867987,0,59.4776167357674,1,5.60350623795107,0,-5.60350623795107,0
223,284,0.0651372480576228,0.0213889023803055,0,206.330783155198,1,22.6261533187152,0,-22.6261533187152,0
182,271,0.0008456367665147,0.0007390622274595,0,1350.95777290397,1,1212.87449702527,0,-1212.87449702527,0
223,296,0.0010330161831222,0.02936464712173,0,160.227717527697,1,71.0402463997804,0,-71.0402463997804,0
217,268,0.0028202272277991,0.0193711756922754,0,656.912724603317,1,156.30015082939,0,-156.30015082939,0
277,46,0.0112372292379832,0.0003141022659871,0,511.311767147981,1,-158.261340580208,0,158.261340580208,0
282,25,0.0063318369993599,0.0132384900137434,0,648.329301162813,1,-6.63043458460564,0,6.63043458460564,0
278,29,0.0025942542771526,0.0102875387678796,0,257.287345859353,1,-43.1537071024479,0,43.1537071024479,0
296,53,0.0001571136575385,0.0047977857523378,0,1171.94887196401,1,-207.779982948449,0,207.779982948449,0
