from_bus,to_bus,resistance,reactance,susceptance,line_rating,line_status,P_from,Q_from,P_to,Q_to
6,8,0.0554587493127645,0.975884969728682,0,25.4336627177575,1,-4.33052225703657,0,4.33052225703657,0
7,8,0.0097619576696896,0.036582362799833,0,84.3278712169304,1,-35.8676002613566,0,35.8676002613566,0
2,9,0.0936928326590242,0.250821179255582,0,92.9790633679085,1,2.2204460492503102e-14,0,-2.2204460492503102e-14,0
2,10,0.0056177881424387,0.015184377302805,0,345.250346051132,1,-223.395290566864,0,223.395290566864,0
3,10,0.0094485060262147,0.0133854624944596,0,304.267913555096,1,223.395290566864,0,-223.395290566864,0
4,12,0.0032289128552366,0.0036147511034649,0,7575.05988583373,1,-4501.99472564989,0,4501.99472564989,0
1,13,0.0171557311401248,0.0152927241894743,0,59.8133063660353,1,-59.813306366034,0,59.813306366034,0
8,13,0.00177576883314,0.0546124193555658,0,181.364312429635,1,-40.1981225183931,0,40.1981225183931,0
13,14,0.0285997176320808,0.255929415730044,0,40.0436491087877,1,5.69669308381425,0,-5.69669308381425,0
7,16,0.0014343613832138,0.0028176506626042,0,929.10124936169,1,409.900986257284,0,-409.900986257284,0
9,17,0.569415785512842,1.09547286032234,0,92.9790633679085,1,0.0,0,0.0,0
11,19,0.008569791511715,0.224282831852505,0,2.98721596353519,1,-0.600796449050101,0,0.600796449050101,0
5,20,0.07048816239715,0.547844586792793,0,92.9790633679085,1,-0.262060927611507,0,0.262060927611507,0
11,20,0.112538833141317,0.197640237178181,0,2.1122589700628,1,0.600796449050112,0,-0.600796449050112,0
15,20,0.203467803640009,0.840040874153962,0,92.9790633679085,1,1.10195253365689,0,-1.10195253365689,0
18,21,0.0279968480569319,0.0398707410280811,0,1945.3375296943,1,-28.2455269504297,0,28.2455269504297,0
19,21,0.0394642581589342,0.132910861948974,0,11054.6003798749,1,28.2455269504297,0,-28.2455269504297,0
13,22,0.0203311203612321,0.0533306784825726,0,621.66475462114,1,42.5374395850615,0,-42.5374395850615,0
16,22,0.0024842117993761,0.0562762024395354,0,4717.38193046867,1,-42.5374395850616,0,42.5374395850616,0
16,23,0.0012034226190593,0.0023685248379404,0,1034.43444183912,1,485.479755900141,0,-485.479755900141,0
18,24,0.001355226098825,0.0145423017578146,0,1335.6842423862,1,-142.188650010829,0,142.188650010829,0
3,27,0.0005540760058464,0.0015829487525758,0,1062.96009595403,1,613.726694247849,0,-613.726694247849,0
19,27,0.0325997406425967,0.0660567469009734,0,1239.00474509373,1,-28.8463233994798,0,28.8463233994798,0
18,28,0.0282969459093631,0.0298306078213531,0,500.612736017566,1,-106.025369295244,0,106.025369295244,0
27,29,0.0009858044211782,0.0015936318845102,0,3086.05615307521,1,578.925460720531,0,-578.925460720531,0
28,29,0.0031206188357808,0.0167159342839531,0,493.841908868068,1,-161.546843739547,0,161.546843739547,0
25,30,0.309555702247287,1.05721134048902,0,92.9790633679085,1,0.0,0,0.0,0
28,30,0.0034446475158611,0.0201898168947808,0,304.080868514479,1,86.8021114672239,0,-86.8021114672239,0
28,32,0.0018573751119787,0.0530946467157298,0,2001.22293619509,1,-31.2806370229207,0,31.2806370229207,0
29,32,0.0001742636770408,0.0018016797488345,0,2918.93569654832,1,577.001574573852,0,-577.001574573852,0
31,32,0.0005756123432761,0.0033693299781271,0,406.197355865377,1,-362.565819117798,0,362.565819117798,0
24,33,0.327856331547103,0.0970596571800877,0,224.029005940833,1,14.3224094501448,0,-14.3224094501448,0
26,33,0.0294173447012551,0.180218752952157,0,126.373981322287,1,-11.3513791364906,0,11.3513791364906,0
24,34,0.0903754980127698,0.79338982060953,0,26.8987890276739,1,-5.73043045214637,0,5.73043045214637,0
27,34,0.000812270770325,0.0388017093550053,0,5995.69252332458,1,4.42213156751583,0,-4.42213156751583,0
4,35,0.0004109358542816,0.0088300253759783,0,1600.26306252843,1,1168.49498970614,0,-1168.49498970614,0
26,35,0.0001854928691861,0.0018890616939703,0,1375.76624636246,1,-197.284342890737,0,197.284342890737,0
26,36,0.0004467251409692,0.0032084897601152,0,574.263564216761,1,276.433635523462,0,-276.433635523462,0
1,37,0.0025022550608007,0.18915319089845,0,38.0932174321923,1,13.3901150739276,0,-13.3901150739276,0
3,37,0.0003945235556498,0.00783074801335,0,749.476911526155,1,74.5479706015839,0,-74.5479706015839,0
6,37,0.0111410295612239,0.14259939271914,0,400.599514266461,1,-20.855046150222,0,20.855046150222,0
15,37,0.0199212182617021,0.19222835772826,0,75.9035033597817,1,-8.4328376279724,0,8.4328376279724,0
34,37,0.0004737390122386,0.009536502486148,0,312.270277587756,1,-58.6502018973171,0,58.6502018973171,0
31,40,0.0019113892508885,0.0075653120215536,0,1685.81645752604,1,355.284921772288,0,-355.284921772288,0
36,43,0.0406212598391316,0.257960134710279,0,195.589354701482,1,-14.3850106591868,0,14.3850106591868,0
36,44,0.0014663880398314,0.0037958521454718,0,2310.50064372178,1,367.670652575531,0,-367.670652575531,0
38,44,0.0003398426354976,0.0036494033395921,0,3525.81932174191,1,-381.304665598871,0,381.304665598871,0
41,44,0.077814563147594,0.247654520913672,0,15.7081986103481,1,-2.02412338970637,0,2.02412338970637,0
42,44,0.110575406733047,0.257468683489842,0,228.65449980279,1,15.6581364130509,0,-15.6581364130509,0
36,45,0.0091244468869349,0.0455614383358081,0,214.983044790257,1,-76.8520063928858,0,76.8520063928858,0
41,47,0.0021513480468582,0.012780389830983,0,472.06922705258,1,-163.37784737144,0,163.37784737144,0
42,47,0.0054500286158551,0.0202472077886589,0,743.241206316903,1,120.744081005382,0,-120.744081005382,0
43,47,0.0053362574630271,0.09296899795895,0,1531.58722806674,1,37.8581412010766,0,-37.8581412010766,0
38,48,6.26923170598705e-05,0.0039518266131887,0,3427.99388723842,1,381.304665598871,0,-381.304665598871,0
46,48,4.08874883527901e-05,0.0039274406222908,0,5418.47758881105,1,-381.304665598871,0,381.304665598871,0
39,49,0.0002569409311835,0.0006814514312355,0,3006.7599322947,1,-1161.69074820445,0,1161.69074820445,0
42,49,0.0081869518706134,0.0242113177797285,0,1771.40424538846,1,-139.253236596214,0,139.253236596214,0
43,49,9.73725827405822e-05,0.0112514440817419,0,295.662050018569,1,-204.116146488921,0,204.116146488921,0
41,50,0.277384751561681,1.04906165407878,0,18.0558559737212,1,-2.8510191777816,0,2.8510191777816,0
42,50,0.307118261491169,0.540812981576058,0,17.7964415451054,1,2.85101917778159,0,-2.85101917778159,0
45,51,0.0074485469163913,0.0048156966443549,0,542.666532094763,1,-271.657510012449,0,271.657510012449,0
43,52,0.0014080758608571,0.0063886269397268,0,823.475635014467,1,311.241985131542,0,-311.241985131542,0
45,52,0.001010590098761,0.0061121151431455,0,927.967594244127,1,291.083782310714,0,-291.083782310714,0
3,54,6.80974392585222e-05,0.0003026523436758,0,13908.0575665194,1,-2634.02014357686,0,2634.02014357686,0
4,54,7.39827462841918e-06,0.0002303649305662,0,7562.18185494394,1,3333.49973594376,0,-3333.49973594376,0
3,55,0.0036477156315921,0.0019430853730639,0,3710.19583197386,1,1722.35018816054,0,-1722.35018816054,0
20,55,0.0660823681297862,0.150061206236112,0,3.15226053379672,1,1.4406880550955,0,-1.4406880550955,0
45,55,0.0066495840597649,0.0161906667883026,0,960.128035746131,1,-195.43246877768,0,195.43246877768,0
49,55,0.0003659267580529,0.0004112537813164,0,3104.38766365124,1,-1600.73722334356,0,1600.73722334356,0
7,56,0.0111770551753626,0.141507028272398,0,111.754280724834,1,53.7886963585395,0,-53.7886963585395,0
26,56,0.0024305772203358,0.0128354547650047,0,194.108876790244,1,-67.7979134962339,0,67.7979134962339,0
33,56,0.0230321856172157,0.395658817421168,0,17.0075403476355,1,2.97103031365419,0,-2.97103031365419,0
47,56,0.005835168814369,0.0368103153747669,0,1644.15456035449,1,-42.5431211177417,0,42.5431211177417,0
2,57,0.0351432711744583,0.0123127650549232,0,1499.25759129541,1,28.1336786069119,0,-28.1336786069119,0
6,57,0.0402389611888815,0.124612305028827,0,988.393832934209,1,25.4476293348701,0,-25.4476293348701,0
56,57,0.0339772474023363,0.0284879348758573,0,90.6876790226534,1,-53.5813079417819,0,53.5813079417819,0
51,58,0.0007037481228072,0.008816999551658,0,640.501609583434,1,-271.657510012449,0,271.657510012449,0
53,58,1.07222826046035,1.1050064744838,0,92.9790633679085,1,0.0,0,0.0,0
5,59,0.0027373639734207,0.545477763422321,0,92.9790633679085,1,0.262060927611496,0,-0.262060927611496,0
6,59,0.201824826395937,0.536837560235525,0,92.9790633679085,1,-0.262060927611502,0,0.262060927611502,0
7,60,0.0001110769724594,0.000343550790569,0,1433.92526626126,1,-427.822082354453,0,427.822082354453,0
54,60,0.0002746870857957,0.0018498424284124,0,1777.15650896883,1,699.479592366902,0,-699.479592366902,0
58,60,0.0024943577327966,0.0085059179037847,0,593.410685087208,1,-271.657510012448,0,271.657510012448,0
62,63,0.767387192075906,0.95219199315783,0,92.9790633679085,1,0.0,0,0.0,0
64,66,0.0015213311496251,0.0096979999124916,0,328.941893375216,1,224.941819816915,0,-224.941819816915,0
64,69,0.003203612381852,0.0219313916604699,0,241.089408010213,1,-146.235658897935,0,146.235658897935,0
65,70,0.0372107835317561,1.57851345900057,0,92.9790633679085,1,0.0,0,0.0,0
67,70,1.83101199950876,0.706273516208181,0,92.9790633679085,1,0.0,0,0.0,0
68,74,0.0001784521642073,0.0043586781988212,0,488.647026836357,1,-316.731224076526,0,316.731224076526,0
71,74,0.0006056215910887,0.0026032364022834,0,960.617877072594,1,569.655705109443,0,-569.655705109443,0
72,74,0.0001433924573083,0.0043512493694009,0,2369.63829397242,1,-415.125965130209,0,415.125965130209,0
65,75,0.000740672482581,0.0035883336688553,0,1696.77369221908,1,-453.148203818579,0,453.148203818579,0
72,75,0.0065267204862925,0.0246931321166243,0,327.076230612375,1,116.260042311088,0,-116.260042311088,0
73,77,0.0214084295602346,0.18172877305818,0,8.68171335545448,1,2.27382241095146,0,-2.27382241095146,0
68,78,0.0016597701198123,0.026212416494805,0,1071.030239859,1,129.353718742008,0,-129.353718742008,0
69,78,0.0204096932262886,0.000523576997252,0,1328.74153761546,1,-127.945838468298,0,127.945838468298,0
75,78,0.046284129741283,0.0720771470464625,0,110.935835149225,1,1.30501632311084,0,-1.30501632311084,0
77,78,0.022990390201243,0.194654304569392,0,7.08748633517288,1,-2.71289659682095,0,2.71289659682095,0
69,79,0.0476320763204017,0.0057706405950865,0,95.7854436980349,1,-18.2898204296354,0,18.2898204296354,0
79,80,0.0008680917171697,0.02997744960881,0,205.669836581363,1,-18.2258520458559,0,18.2258520458559,0
72,81,0.0094902723556321,0.0648758088754482,0,28.1449108079262,1,6.86991068151577,0,-6.86991068151577,0
75,81,0.0012668829342967,0.0084402638913352,0,660.602585345263,1,-287.329117137706,0,287.329117137706,0
77,81,0.0010650702225756,0.0275269850878248,0,515.844545384442,1,-110.701277906971,0,110.701277906971,0
73,82,0.1521453188597,0.274275372124075,0,5.15265625748841,1,-0.286488935838347,0,0.286488935838347,0
79,82,0.118508385114467,0.261216602152331,0,4.82345878462093,1,0.286488935838336,0,-0.286488935838336,0
80,83,0.0001671484636835,0.0009326569359299,0,1827.5169093786,1,-794.102224236639,0,794.102224236639,0
79,85,0.0020086741673099,0.022245053830765,0,780.304033405442,1,20.8951246106836,0,-20.8951246106836,0
80,85,0.0006906538723931,0.0013042756133112,0,1344.53234097163,1,775.279183883782,0,-775.279183883782,0
79,86,0.100771329204532,0.199628639366102,0,92.9790633679085,1,-0.597188306993968,0,0.597188306993968,0
80,86,0.248141882713776,0.715266302285533,0,92.9790633679085,1,0.597188306993951,0,-0.597188306993951,0
77,87,0.014307844566653,0.0069742651061626,0,639.264010816478,1,135.429061689848,0,-135.429061689848,0
81,88,0.0085920890118389,0.0068230383964712,0,650.468544192851,1,-434.878351546224,0,434.878351546224,0
87,89,0.024166940240363,0.0272270604261739,0,1778.69185540439,1,-52.8263645885284,0,52.8263645885284,0
81,90,0.0021131405584168,0.0329562899904067,0,135.455523495719,1,48.1016174120477,0,-48.1016174120477,0
87,91,0.0095453223945412,0.0118715400838572,0,369.288539912652,1,155.214096220584,0,-155.214096220584,0
76,92,0.0335448987719763,0.173118252976238,0,8.66711290319424,1,2.96449640146941,0,-2.96449640146941,0
90,93,0.001116146110866,0.0800712093031277,0,85.933757686207,1,50.2961357628044,0,-50.2961357628044,0
63,94,0.128516487956911,1.28791743799673,0,92.9790633679085,1,2.77555756156289e-15,0,-2.77555756156289e-15,0
64,94,0.0188342622416048,0.649845760300094,0,13.667290377939,1,-1.13916119216794,0,1.13916119216794,0
93,95,8.38642048244221e-05,0.0105725478269717,0,1626.04421863534,1,209.329607406234,0,-209.329607406234,0
90,96,0.0020211689327857,0.0151927900574614,0,518.371503158627,1,-182.93440443839,0,182.93440443839,0
94,97,0.133041733724462,0.643949428517907,0,12.1253804765387,1,-1.13916119216793,0,1.13916119216793,0
88,98,0.0061329739031863,0.009836801322909,0,471.515173488152,1,105.3842564637,0,-105.3842564637,0
92,98,0.0125020729235885,0.0220769496389176,0,512.175936725367,1,-105.3842564637,0,105.3842564637,0
96,99,0.0006537520957081,0.0048192037376984,0,1738.60218175868,1,-336.63098565847,0,336.63098565847,0
61,100,0.0567265978502926,0.469606354506188,0,6.95722017103056,1,-2.86406602619292,0,2.86406602619292,0
77,100,0.030467247563055,0.154650193713546,0,203.775103914524,1,-19.7410647751049,0,19.7410647751049,0
84,100,0.0391973123695456,0.67721315043555,0,92.9790633679085,1,-0.852616631925038,0,0.852616631925038,0
96,100,0.0221666883638822,0.0771479138795865,0,426.86880161468,1,15.4034765593487,0,-15.4034765593487,0
61,101,0.0326164385654739,0.316727459342921,0,5.9070429668012,1,1.10200524688884,0,-1.10200524688884,0
73,101,0.0260679527009777,0.475874642517275,0,17.7668625873298,1,-1.98733347511314,0,1.98733347511314,0
92,101,0.01959226015324,0.0119273789717196,0,450.381160883988,1,108.348752865169,0,-108.348752865169,0
97,101,0.0019581938710379,0.0244842681183047,0,328.417588168248,1,-107.463424636945,0,107.463424636945,0
97,102,0.0071212283964981,0.0211881742658178,0,441.245523984208,1,125.011602523526,0,-125.011602523526,0
64,104,0.003139062640212,0.0264446497572441,0,206.64275005728,1,-77.5669997268118,0,77.5669997268118,0
93,104,0.0046002528604626,0.0117611654562345,0,414.402080508781,1,-159.033471643429,0,159.033471643429,0
100,104,0.156447680026564,0.292148444076791,0,178.4412275917,1,12.8283803476684,0,-12.8283803476684,0
76,106,0.0016222901058466,0.001629543045639,0,1436.5865283912,1,520.915371457444,0,-520.915371457444,0
84,106,0.0311340138841529,0.187592726506481,0,92.9790633679085,1,0.852616631925041,0,-0.852616631925041,0
89,106,0.011487400296758,0.0344870064457712,0,1086.21107887778,1,-52.8263645885284,0,52.8263645885284,0
96,106,0.0054819835386812,0.0102968440042866,0,491.638844556258,1,187.017882014381,0,-187.017882014381,0
97,106,0.021548634465464,0.191992789352772,0,173.024010258666,1,-18.6873390787488,0,18.6873390787488,0
100,106,0.0827739092938883,0.0491696433854689,0,48.3963693513274,1,14.9959980040287,0,-14.9959980040287,0
105,106,0.0002886910120412,0.0125316672315021,0,367.028353512858,1,-155.909723063319,0,155.909723063319,0
105,107,0.000226526341818,0.0109799297415927,0,814.706137137393,1,302.802047475847,0,-302.802047475847,0
103,108,0.0001738457958593,0.0029260639035111,0,1418.99782384541,1,556.243292980718,0,-556.243292980718,0
99,109,1.38900912761642e-05,0.0088111890550395,0,449.637198568839,1,258.048606002226,0,-258.048606002226,0
103,110,0.0027721934524913,0.0069454884572516,0,1176.44039626026,1,-780.015384003281,0,780.015384003281,0
103,111,0.0038551879534594,0.0089698425448245,0,224.070643674057,1,223.772091022573,0,-223.772091022573,0
104,111,0.0011899357853486,0.0150764753292376,0,223.772091022575,1,-223.772091022573,0,223.772091022573,0
102,112,0.0044364766817341,0.14617973641486,0,774.688009761108,1,-34.3573879793592,0,34.3573879793592,0
106,112,0.0019713266838549,0.0024463128958436,0,1439.93605938849,1,496.358441377184,0,-496.358441377184,0
105,114,0.0121803957157832,0.0048626070219412,0,353.428496500107,1,-146.892324412528,0,146.892324412528,0
108,114,0.0033136750257904,0.0042015543998973,0,669.924728432332,1,471.81991642378,0,-471.81991642378,0
113,114,0.0083085169821254,0.0037144211750729,0,565.840508737705,1,-324.927592011252,0,324.927592011252,0
113,115,0.0002279089860592,0.0153747814130385,0,691.257820987513,1,329.140187969308,0,-329.140187969308,0
112,116,0.0387455107278309,0.136084175877438,0,1643.23259991498,1,27.1081925977954,0,-27.1081925977954,0
116,117,0.097182773758274,0.324544866328848,0,76.4775726690905,1,-7.50141478842209,0,7.50141478842209,0
61,118,0.0656152699972569,0.172743319984622,0,17.9661723379569,1,1.76206077930411,0,-1.76206077930411,0
108,118,0.0006357542745517,0.0196020101832309,0,195.473649737443,1,84.423376556939,0,-84.423376556939,0
117,118,0.0031206894859877,0.0180619665344497,0,332.616593834403,1,-86.1854373362432,0,86.1854373362432,0
65,119,0.0463598442621582,0.924086166090804,0,3.50432658123412,1,-1.48409712575709,0,1.48409712575709,0
113,119,0.0444538811662651,0.11830257521791,0,37.3500900936855,1,-4.21259595805714,0,4.21259595805714,0
115,120,0.0002266474320986,0.0726229792921944,0,44.9286138474106,1,-14.2358220701511,0,14.2358220701511,0
116,120,0.0009127385809882,0.0453577400520181,0,12465.454695427,1,34.6096073862173,0,-34.6096073862173,0
117,120,0.0003008394990777,0.0508916436304262,0,216.327000594348,1,78.6840225478213,0,-78.6840225478213,0
122,127,0.0033013156227182,0.0151800662320698,0,251.40459544963,1,-56.338877603746,0,56.338877603746,0
125,128,0.0014750299956586,0.0129237304440976,0,497.498424230836,1,221.527170243399,0,-221.527170243399,0
126,128,0.0006250192387911,0.0023916234906908,0,1700.53218968944,1,463.978074082802,0,-463.978074082802,0
125,129,0.0003069527224993,0.0222333869660693,0,649.70347710153,1,-210.990716839267,0,210.990716839267,0
124,130,0.0004650194853052,0.0361863959483572,0,27613.8980123736,1,47.8922178008583,0,-47.8922178008583,0
125,130,0.0369685084442542,0.0866755245873544,0,1022.52046909884,1,-47.8922178008582,0,47.8922178008582,0
125,131,0.017746786414994,0.212729054870583,0,92.9790633679085,1,0.0,0,0.0,0
123,132,0.004418331379045,0.0854914281277196,0,1718.66968172311,1,-20.2201350782373,0,20.2201350782373,0
124,132,0.0073139650291899,0.0156612187326253,0,375.308592490214,1,-177.040059882446,0,177.040059882446,0
126,133,0.0002994928904187,0.0022019121656144,0,2007.01622548366,1,-158.25822729057,0,158.25822729057,0
129,134,0.0042999814560746,0.0885044108112029,0,926.325497372619,1,24.6181190872263,0,-24.6181190872263,0
126,136,0.0091463203642095,0.0011209262370424,0,239.75885413967,1,43.071824400937,0,-43.071824400937,0
127,136,0.0039178413492687,0.0075971746384751,0,680.843234536945,1,-44.3836795757512,0,44.3836795757512,0
129,138,0.0223507829692427,0.0209317427653872,0,330.507399346101,1,31.4170806635703,0,-31.4170806635703,0
136,138,0.0028528630409927,0.117843938593868,0,1308.89632666538,1,-49.5146460958996,0,49.5146460958996,0
137,139,0.0001729414838886,0.0017778847161342,0,3859.92372600016,1,-619.679080106739,0,619.679080106739,0
135,140,0.0091210865067008,0.0733020303426829,0,3340.32406580976,1,55.0984096336061,0,-55.0984096336061,0
136,140,0.0155408374995386,0.0535740358485821,0,1223.28803955843,1,-57.5793225567113,0,57.5793225567113,0
135,141,0.0082715671829841,0.119020727035979,0,231.257449984173,1,-36.3734445425417,0,36.3734445425417,0
135,142,0.0145118161634677,0.085366287541138,0,899.898553149656,1,-18.7249650910644,0,18.7249650910644,0
137,142,0.0012343101119217,0.005305345341597,0,2212.84249993318,1,370.070123864384,0,-370.070123864384,0
124,143,0.0004167152451371,0.0331444091813115,0,1171.02090831353,1,-47.7407682934287,0,47.7407682934287,0
132,143,5.05799900852525e-05,0.0284011615147924,0,72.8871464568091,1,41.911086723989,0,-41.911086723989,0
137,143,0.0005332934191483,0.0099765219188203,0,1000.65458762227,1,142.07017547177,0,-142.07017547177,0
142,144,0.004820143559275,0.0036363474932978,0,1798.60688819851,1,352.854121134344,0,-352.854121134344,0
142,145,0.0872803674830202,0.0277917415829206,0,5.35811656447435,1,-1.50896236102414,0,1.50896236102414,0
138,146,0.0033478339889021,0.0097458205483795,0,1482.92132042444,1,-309.981705873671,0,309.981705873671,0
143,146,0.0022652685025396,0.0805100488512718,0,338.424066038387,1,5.11761377595108,0,-5.11761377595108,0
137,147,0.0060895478032941,0.0179770722826452,0,628.387766142845,1,107.538780770584,0,-107.538780770584,0
144,148,0.0011146755966027,0.0027883460373863,0,852.698857290057,1,467.613243659109,0,-467.613243659109,0
141,149,0.0263251845526392,0.116698248716563,0,200.582240778194,1,-36.3734445425418,0,36.3734445425418,0
146,149,0.0081409408158954,0.0436040200035852,0,2789.68186246135,1,-156.899893276724,0,156.899893276724,0
147,149,0.636868620055729,0.701342589249717,0,10.5684808693076,1,-9.9028820890806,0,9.9028820890806,0
140,150,0.0982318877271681,0.525324556219233,0,92.9790633679085,1,-2.48091292310534,0,2.48091292310534,0
144,151,0.0025671909198377,0.0069961013461079,0,157.987788527154,1,-144.939296638696,0,144.939296638696,0
145,151,0.0792875761568407,0.388321987294768,0,92.9790633679085,1,0.800950996186084,0,-0.800950996186084,0
147,151,0.010276294425668,0.148436596659403,0,5.97690144807494,1,2.01572637685252,0,-2.01572637685252,0
145,153,0.0012351821454627,0.0076320883089416,0,853.226795211656,1,432.58294744282,0,-432.58294744282,0
147,154,0.0018632674348069,0.0212813590201946,0,685.475248785707,1,115.425936482812,0,-115.425936482812,0
150,154,0.0154211262344506,0.0175323716229796,0,526.708021290424,1,-108.81118582858,0,108.81118582858,0
153,154,0.0396259347280607,0.125971663251091,0,76.1146605035712,1,-6.61475065423174,0,6.61475065423174,0
148,156,0.0107909194182695,0.0250463704490292,0,303.768720711184,1,76.0631929086893,0,-76.0631929086893,0
153,156,3.84625924042651e-05,0.0014381728674404,0,4345.42817922944,1,856.990216595833,0,-856.990216595833,0
153,157,0.0188436666945228,0.883853543318831,0,6.85657858345565,1,1.10395998175797,0,-1.10395998175797,0
155,157,0.0767790157455336,1.08071319369709,0,3.56244129869087,1,-1.49166996038654,0,1.49166996038654,0
155,158,0.0035122830170761,0.0188027048695714,0,642.903089106494,1,120.884951145733,0,-120.884951145733,0
150,159,0.0014332317992777,0.132805842344403,0,96.7788414143043,1,-8.09367541422663,0,8.09367541422663,0
126,160,0.0128097718154901,0.207144613326714,0,200.087230264235,1,-27.1115965245507,0,27.1115965245507,0
143,160,0.0072198773309297,0.0274837221969332,0,982.021172295625,1,131.12288012638,0,-131.12288012638,0
152,160,0.199657497666615,0.845137873186805,0,17.8613188492284,1,3.32381039335238,0,-3.32381039335238,0
153,160,0.0296256028272865,0.054808693876044,0,127.67550679042,1,-3.6821410365024,0,3.6821410365024,0
155,160,0.0114746315759265,0.0285146787242724,0,431.448796680955,1,-97.8310054355897,0,97.8310054355897,0
159,160,0.0333675915087257,0.134468140143834,0,27.2860027431432,1,-1.49755149727715,0,1.49755149727715,0
153,162,0.007532783702757,0.0220631311745391,0,755.916977613615,1,97.7404568441132,0,-97.7404568441132,0
153,163,0.0032393520948107,0.0009878864844208,0,917.703380860771,1,-512.95479428816,0,512.95479428816,0
159,164,0.014089826875095,0.537674407528788,0,5.42679339074549,1,0.458693233239094,0,-0.458693233239094,0
155,165,0.0207217453904008,0.0985095860440607,0,188.84383946139,1,-13.734225036928,0,13.734225036928,0
157,165,0.0538963641572967,0.18039430245393,0,92.9790633679085,1,1.43637897806534,0,-1.43637897806534,0
160,165,0.0075768906578595,0.116822641897462,0,207.156749392558,1,12.2978460588627,0,-12.2978460588627,0
138,166,0.0161936636263326,0.10284689009077,0,699.159807967247,1,10.2743792482824,0,-10.2743792482824,0
157,166,0.0104249492077192,0.159840738739291,0,3.01962176942544,1,-1.8240889566939,0,1.8240889566939,0
164,166,0.0579682380087108,0.106219530843457,0,56.6497174804022,1,4.12342227052986,0,-4.12342227052986,0
159,167,0.0349703759080328,0.722774451597211,0,2.64036021313479,1,-1.67520381165936,0,1.67520381165936,0
160,168,0.0279117635630917,0.131052273973945,0,8.95960930744254,1,-7.97345003305019,0,7.97345003305019,0
166,168,0.0002275236543647,0.0138446813221384,0,2109.57080911861,1,-139.470694152714,0,139.470694152714,0
166,169,0.0008058979812204,0.0129966387078221,0,195.114554167251,1,14.3600963365873,0,-14.3600963365873,0
167,169,0.0001320174651062,0.0042189446431426,0,493.498556571566,1,493.498556571563,0,-493.498556571563,0
127,170,0.0003832988913378,0.0206627959621622,0,392.779050926117,1,-127.526924403048,0,127.526924403048,0
138,170,0.0076225707076218,0.0277363284403854,0,322.556498729445,1,127.526924403048,0,-127.526924403048,0
123,171,0.0036409525210844,0.0573793940652897,0,682.220939346548,1,9.26532090978101,0,-9.26532090978101,0
161,171,6.43947312482054e-05,0.0023947724639666,0,1648.52242687737,1,690.962895469481,0,-690.962895469481,0
167,171,0.0002679866588166,0.0018869744795441,0,2252.01346953001,1,-807.832906493355,0,807.832906493355,0
162,172,1.55063704622314,1.16054328338949,0,92.9790633679085,1,0.0,0,0.0,0
163,173,7.31115529506603e-05,0.0028926240357303,0,961.899646571013,1,87.5079263585349,0,-87.5079263585349,0
164,173,0.0016771168464016,0.136381382732113,0,41.7687143329173,1,-3.66472903729071,0,3.66472903729071,0
166,173,0.001811549314116,0.0111850313734608,0,977.777042279268,1,-83.8431973212433,0,83.8431973212433,0
162,175,0.0245165432730561,0.0003756661630885,0,716.18572997322,1,97.7404568441102,0,-97.7404568441102,0
167,175,0.0022937986479135,0.0108885770262043,0,839.42521394651,1,312.659146110133,0,-312.659146110133,0
174,175,0.0631244765046386,0.145893249813509,0,76.9542059273012,1,-9.58667101861073,0,9.58667101861073,0
124,176,0.0047006647061549,0.0139939959552265,0,217.314395313863,1,176.888610375016,0,-176.888610375016,0
126,176,0.0137539301592757,0.0247470249303411,0,1446.99962478548,1,-208.592667089166,0,208.592667089166,0
148,176,0.0083522820407969,0.0291687194299065,0,96.9680163995766,1,31.7040567141498,0,-31.7040567141498,0
123,177,0.0180232424585862,0.137595560451918,0,97.4710379705652,1,10.9548141684563,0,-10.9548141684563,0
168,177,0.0148124609642184,0.0468421981691997,0,121.580975815071,1,-10.9548141684562,0,10.9548141684562,0
122,178,0.0002441314820733,0.0057993665269322,0,1164.78285943537,1,-398.063237336074,0,398.063237336074,0
127,178,0.0191439924375583,0.528526593819769,0,2.97786113168856,1,-2.74969459954814,0,2.74969459954814,0
175,178,0.0009035262231852,0.005372116380574,0,812.485764797287,1,400.812931935624,0,-400.812931935624,0
125,179,0.0070363366994915,0.0372634321227011,0,51.5756371842757,1,37.3557643967258,0,-37.3557643967258,0
169,179,0.210744875348859,0.250830751253659,0,30.7385808833417,1,16.6730236852462,0,-16.6730236852462,0
174,179,6.90827113241521e-05,0.0835282994573405,0,565.817644866479,1,17.4923513661052,0,-17.4923513661052,0
121,180,0.0009153685778265,0.011330992850282,0,643.593472582588,1,-184.159174852293,0,184.159174852293,0
129,180,0.0154008859938649,0.0210023650263535,0,332.761755223848,1,187.606384354272,0,-187.606384354272,0
174,180,0.0896334859939136,0.0862364889742874,0,691.873875642855,1,-7.90568034749421,0,7.90568034749421,0
183,184,0.0017179610672178,0.0120133813301497,0,782.694964496227,1,-55.7318826510855,0,55.7318826510855,0
185,187,0.0049730445157625,0.0062836311708898,0,798.660556182271,1,-298.115635644511,0,298.115635644511,0
186,189,0.0002002085739991,0.0466112433079357,0,409.366115937904,1,-19.3840049837259,0,19.3840049837259,0
184,190,9.43058749207982e-06,0.0001335273301737,0,1167.23779873887,1,-208.678033871297,0,208.678033871297,0
188,190,1.37755133207663e-05,0.0026940030366371,0,572.374749328337,1,-374.40499849222,0,374.40499849222,0
182,191,0.045147261333905,0.0460122857356964,0,1461.90153679979,1,-35.4120976591383,0,35.4120976591383,0
191,192,0.005934048953383,0.679093304779205,0,6.29899635078775,1,-1.49466339556014,0,1.49466339556014,0
187,193,0.010432126068011,0.105602936043393,0,422.243629949855,1,19.3840049837258,0,-19.3840049837258,0
189,193,0.0145068678372029,0.105004771275023,0,410.305460449932,1,-19.3840049837259,0,19.3840049837259,0
192,194,0.0019024625819248,0.0054817205912161,0,1346.59021799034,1,-319.609310821026,0,319.609310821026,0
187,196,0.0020764782603285,0.0066761833228038,0,1188.80049551047,1,323.734759750687,0,-323.734759750687,0
194,196,0.0066462404684921,0.0089731686177988,0,933.517165181419,1,-299.581840684636,0,299.581840684636,0
196,197,0.027534127332432,0.232519610695244,0,47.9010340680351,1,6.72794104705962,0,-6.72794104705962,0
191,198,0.0015908853388466,0.0434095806224268,0,1313.43955313829,1,-33.9174342635781,0,33.9174342635781,0
194,198,0.0570395910167149,0.165825724988112,0,48.7844373231448,1,7.80749336701299,0,-7.80749336701299,0
195,200,1.34236066534821e-05,0.0048344880896953,0,1416.87333879248,1,325.435637813832,0,-325.435637813832,0
195,201,0.0021436676111414,0.0048707130204141,0,1820.64994066001,1,340.274012082826,0,-340.274012082826,0
185,202,7.77740701880798e-05,0.0158610564009395,0,189.498141954279,1,155.378910048367,0,-155.378910048367,0
198,202,0.0006765496300587,0.0691871296827229,0,1634.04525844238,1,-26.1099408965653,0,26.1099408965653,0
194,203,0.0080421492982672,0.0721972264903196,0,257.170732601288,1,-22.9865313489857,0,22.9865313489857,0
195,203,0.0032110693647401,0.0381391871423077,0,4280.75676873289,1,-50.7851644967278,0,50.7851644967278,0
196,203,0.0236645039954659,0.0590321870215941,0,1797.8136734128,1,17.424978018991,0,-17.424978018991,0
194,204,0.0303940410596416,0.114741535058572,0,105.960835509454,1,-4.8484321544167,0,4.8484321544167,0
195,204,0.101578744459803,0.105170497544348,0,58.9758055991388,1,-7.9267251772543,0,7.9267251772543,0
188,205,0.0001811475770769,0.0011272253983806,0,543.391617496012,1,374.404998492216,0,-374.404998492216,0
195,205,0.0001173382143551,0.0018588953513696,0,763.054965765341,1,-606.997760222674,0,606.997760222674,0
199,205,0.0009460987451426,0.002153340316741,0,1309.30715559249,1,293.509362427048,0,-293.509362427048,0
204,205,0.0141784351194587,0.0046693257888149,0,691.941022873347,1,-63.1113992273697,0,63.1113992273697,0
203,206,0.0466243411525569,0.0500674476526539,0,118.786970625838,1,-56.3467178267225,0,56.3467178267225,0
201,207,0.0013681266831583,0.0037760502986135,0,877.181947252118,1,-304.267882947271,0,304.267882947271,0
202,207,0.0024462975034431,0.108651203767127,0,126.565561204039,1,11.9425822040414,0,-11.9425822040414,0
204,207,0.0101911477982351,0.0048894943211681,0,520.301819051809,1,274.487252368328,0,-274.487252368328,0
201,209,0.10993173160191,0.143871722647802,0,6.54876728034813,1,-1.7111277242112,0,1.7111277242112,0
200,210,1.04894381165432e-05,0.0011496425702255,0,1090.10630823528,1,721.085473564725,0,-721.085473564725,0
201,210,1.52863991282257e-05,0.000799255409499,0,2031.60079252796,1,932.027737492723,0,-932.027737492723,0
209,210,0.000109023177713,0.0046336329766937,0,1083.75963188807,1,213.895038586789,0,-213.895038586789,0
201,211,0.0034946913113858,0.0008380547436302,0,503.177188287365,1,-285.774714738415,0,285.774714738415,0
202,211,0.0185636854383539,0.0188108742196677,0,474.790491569359,1,117.32638694776,0,-117.32638694776,0
204,211,0.0055527746827625,0.0160347399987673,0,993.359832413295,1,140.416360778316,0,-140.416360778316,0
209,211,0.110084601327578,0.0439199363301441,0,92.9790633679085,1,0.152277954282187,0,-0.152277954282187,0
204,212,0.0876582406785165,0.182207483687918,0,16.6397530125729,1,-3.32068440718876,0,3.32068440718876,0
207,212,0.0033287824430767,0.109157536223722,0,325.546637038291,1,-17.838048374899,0,17.838048374899,0
183,213,0.0019887409140468,0.0066958687335393,0,688.086378790551,1,55.7318826510851,0,-55.7318826510851,0
206,213,0.003577806116317,0.0166064855534089,0,357.332589000401,1,196.885417809419,0,-196.885417809419,0
208,213,0.0996578810058691,0.695601991896313,0,21.1502788745013,1,1.86474500136663,0,-1.86474500136663,0
208,214,0.0036776281376741,0.0061203058659674,0,1087.49890711253,1,355.606931339885,0,-355.606931339885,0
209,214,0.0033834633809263,0.0380960236338181,0,53.033296287077,1,-53.0332962870758,0,53.0332962870758,0
212,215,0.0011887750818952,0.035680375886395,0,180.644139549302,1,9.77737416164084,0,-9.77737416164084,0
185,216,0.0024243582093877,0.02308734194089,0,534.633839556866,1,99.8837108838611,0,-99.8837108838611,0
213,217,0.235866825146121,0.068439556331342,0,51.4711911740904,1,12.4740966200462,0,-12.4740966200462,0
216,217,0.033946547248031,0.24584017306015,0,31.7797846331166,1,1.27240887001779,0,-1.27240887001779,0
215,218,0.0013131423648134,0.0423884674705626,0,2877.0747097084,1,45.911808378982,0,-45.911808378982,0
209,219,0.0006267500602347,0.035484466257901,0,474.300076195662,1,-39.0095065187946,0,39.0095065187946,0
213,219,0.0055783339588774,0.038227439590349,0,877.177286767498,1,39.6424415994535,0,-39.6424415994535,0
210,220,0.0002234869325539,0.0008760329909029,0,980.956290532013,1,-875.344568414783,0,875.344568414783,0
214,220,0.000402128837991,0.0074184853956222,0,479.594036047725,1,302.573635052809,0,-302.573635052809,0
215,220,0.0058899905960043,0.0156946928333513,0,382.085101422224,1,173.646300455125,0,-173.646300455125,0
205,221,0.280097043408815,0.747987882058234,0,10.8320476230634,1,-2.19479853078896,0,2.19479853078896,0
212,221,0.0039550367736276,0.0430344012268881,0,836.489315618373,1,-30.9361069437286,0,30.9361069437286,0
217,222,0.246477737153039,0.358289453225471,0,4.06066991937785,1,-0.129513930249381,0,0.129513930249381,0
213,223,0.0217270641447175,0.0462578991098096,0,1539.65078727805,1,56.1949804803678,0,-56.1949804803678,0
216,223,0.0092907369499311,0.0277839596852968,0,319.356822093659,1,74.0912864600125,0,-74.0912864600125,0
217,223,0.002192067765041,0.125809862781879,0,148.93506406076,1,13.8760194203134,0,-13.8760194203134,0
221,223,0.0003303271776316,0.030125745441391,0,269.470622388717,1,128.827463306931,0,-128.827463306931,0
222,223,0.0039739823332555,0.0592178221022404,0,802.705229800244,1,30.263584692262,0,-30.263584692262,0
216,224,0.0875899088946221,0.332218223482179,0,220.73225952005,1,11.3286659602085,0,-11.3286659602085,0
184,225,0.0011208948108473,0.0152077365194583,0,1004.53740553245,1,152.946151220222,0,-152.946151220222,0
223,225,0.0007375057932555,0.0026145171416311,0,1209.86422401427,1,-503.419417756955,0,503.419417756955,0
216,226,0.0728025117376711,0.102622872067443,0,206.58378301474,1,12.2658286289345,0,-12.2658286289345,0
219,226,0.103320107302941,0.449079140844961,0,2.62130830084542,1,0.632935080659247,0,-0.632935080659247,0
226,227,0.0292268759542644,0.26641997121278,0,192.951036619489,1,10.8850379866748,0,-10.8850379866748,0
224,228,0.0002402747444653,0.016978934676838,0,518.645984894097,1,102.566256336823,0,-102.566256336823,0
227,228,0.0026191258239872,0.0057925341517425,0,413.214170960987,1,232.421413771206,0,-232.421413771206,0
224,230,0.0019192180421554,0.0200417870575263,0,287.808975236259,1,-91.2375903766147,0,91.2375903766147,0
227,230,0.0009994769661898,0.0112981063300033,0,835.986399006249,1,-196.822465866634,0,196.822465866634,0
221,231,0.0059890658500373,0.0096108319553548,0,421.040611434694,1,144.422832459115,0,-144.422832459115,0
222,231,0.0372607635825023,0.374796589188567,0,18.4296272295061,1,-1.86996423633073,0,1.86996423633073,0
227,231,0.086856084939192,0.185854709377624,0,1206.97560615716,1,-24.7139099178957,0,24.7139099178957,0
229,231,0.0001624326393346,0.0052446492967784,0,316.449604906835,1,235.574732132081,0,-235.574732132081,0
222,232,0.001824196416615,0.0431890147866679,0,911.157322403203,1,-28.5231343861805,0,28.5231343861805,0
230,232,0.0001506748577706,0.148498478583246,0,1269.03887468173,1,-19.5322220176157,0,19.5322220176157,0
230,234,0.0747876814895047,0.25398462126317,0,344.152824431707,1,-14.1118935033488,0,14.1118935033488,0
232,234,0.0916796861198621,0.070472257687064,0,95.6670197290645,1,-9.70167121399923,0,9.70167121399923,0
233,234,0.0192384231658925,0.0891841785615808,0,15780.6830738818,1,23.813564717348,0,-23.813564717348,0
181,235,0.0105574480053513,0.0288109017158889,0,380.189638723925,1,90.0381292063677,0,-90.0381292063677,0
232,235,0.006526644779608,0.0806216981755181,0,587.332341765911,1,-22.1825080721805,0,22.1825080721805,0
233,235,0.0085031077795066,0.152214413089569,0,49.5316017965904,1,6.695163687008,0,-6.695163687008,0
229,236,0.0038734535826943,0.386728610638836,0,10.4852216555271,1,-2.4589680535106,0,2.4589680535106,0
232,236,0.014308017011055,0.10236918964086,0,377.687798001056,1,-16.1711771176165,0,16.1711771176165,0
229,237,0.0012534188675337,0.0257266766508705,0,447.528864038063,1,-106.449869230057,0,106.449869230057,0
233,237,0.0494864608036491,0.0203178743900329,0,37366.0638867849,1,-31.2821346076859,0,31.2821346076859,0
230,238,0.0755617201425171,0.191486997442832,0,329.670834140567,1,-14.5771957462406,0,14.5771957462406,0
236,238,0.0202110516859839,0.649459172585717,0,21.7151028478771,1,2.71701775867739,0,-2.71701775867739,0
181,239,0.0039964681945645,0.051269733809302,0,1145.37424389469,1,36.1311493038434,0,-36.1311493038434,0
185,239,0.0016752289598946,0.0643818096218662,0,234.372723428307,1,-18.4752138140297,0,18.4752138140297,0
233,239,0.0465332890136801,0.358744377465528,0,3.35093589765733,1,0.773406203329896,0,-0.773406203329896,0
236,239,0.0828370814672414,0.103119249724336,0,125.908181440158,1,-8.48150524809976,0,8.48150524809976,0
238,239,0.162857087656589,0.20695243970952,0,258.089853948244,1,-12.7526815671889,0,12.7526815671889,0
181,240,0.0824397857833345,0.183507784937716,0,84.0192484121721,1,8.28594362715339,0,-8.28594362715339,0
236,240,0.0221157284401321,0.0937772272090868,0,213.792479225598,1,-12.8656576817048,0,12.8656576817048,0
237,240,0.005110650015695,0.126894901239647,0,39.3555528377776,1,4.5797140545514,0,-4.5797140545514,0
241,242,0.0030034203087081,0.0302404959831921,0,498.100665475703,1,103.841119331057,0,-103.841119331057,0
241,245,0.0090390338176704,0.0614488404733805,0,759.100699092871,1,-30.0284343496433,0,30.0284343496433,0
244,247,0.0002407832181704,0.0039754946074967,0,2628.81815205519,1,464.639180108064,0,-464.639180108064,0
245,247,0.0111697366716676,0.0392042680092856,0,3017.35368434045,1,-30.0284343496432,0,30.0284343496432,0
249,250,0.0001682215757145,0.0019761181105581,0,2141.53640147101,1,252.690593008465,0,-252.690593008465,0
251,252,0.004707890077648,0.0024168154608133,0,972.546298515223,1,245.656320818013,0,-245.656320818013,0
249,253,0.0019802508139891,4.62553365370001e-05,0,2066.49172068002,1,-279.533174792232,0,279.533174792232,0
247,254,0.0001077817948705,0.00240824090012,0,831.203873621186,1,309.606070668089,0,-309.606070668089,0
250,255,1.47961603717292e-05,0.0303475915668187,0,216.73365161514,1,31.1534524800543,0,-31.1534524800543,0
250,256,0.0002398677967139,0.0047746087748756,0,424.520579607632,1,228.603410593235,0,-228.603410593235,0
248,257,0.0083831680862824,0.0421094721142495,0,40.4244868568577,1,7.98900832062381,0,-7.98900832062381,0
251,258,0.0022057341735465,0.0110763843956659,0,250.548598562476,1,-194.655944279561,0,194.655944279561,0
256,258,0.0091016740145623,0.0245841225736581,0,96.5903389270402,1,-96.5903389270322,0,96.5903389270322,0
250,259,0.0052079648482765,0.0247117479318543,0,124.206650703386,1,-7.06627006482599,0,7.06627006482599,0
252,259,0.0055668238704496,0.0106948010233129,0,2460.71447618361,1,-153.468312088786,0,153.468312088786,0
251,260,0.0129010690590206,0.0508589902737388,0,134.258955445623,1,-51.000376538453,0,51.000376538453,0
260,261,0.007008149698886,0.040698303361785,0,1833.04510484852,1,37.4111443283609,0,-37.4111443283609,0
242,262,0.063487673398548,0.228767953314447,0,2171.41633686246,1,-15.7511642396545,0,15.7511642396545,0
256,262,0.0009523709191575,0.009786582178319,0,871.98806551371,1,180.502936688166,0,-180.502936688166,0
257,262,0.0015173360376259,0.0463770054152563,0,83.0337218198751,1,-38.126181784005,0,38.126181784005,0
254,263,0.0115191119605061,0.113508149293025,0,132.061902509092,1,-5.53409305476802,0,5.53409305476802,0
261,263,0.0007175225636906,0.111022668637529,0,104.769724490117,1,5.53409305476795,0,-5.53409305476795,0
257,264,0.000466562513233,0.0113465454475228,0,682.57640034908,1,172.720096394359,0,-172.720096394359,0
255,265,0.186507927869708,0.74902984072851,0,5.2350474670909,1,-2.13350896642288,0,2.13350896642288,0
260,265,0.0602760351421394,0.0541396272587388,0,377.842097664082,1,19.730664885374,0,-19.730664885374,0
257,266,0.0009410591627405,0.0243387087640787,0,467.96293842276,1,-101.276588598988,0,101.276588598988,0
261,266,0.0045487068707505,0.0232976428383622,0,427.308419506002,1,101.276588598988,0,-101.276588598988,0
256,267,0.0049122511372932,0.0091403350452721,0,1306.61061852489,1,159.676145048632,0,-159.676145048632,0
257,267,0.0447973393462822,0.0819316751804249,0,1403.92453956908,1,-25.3283176907427,0,25.3283176907427,0
242,269,0.0067261888224978,0.0387927817933263,0,1038.06873906662,1,-42.339003002084,0,42.339003002084,0
265,271,0.0088586905613628,0.0852977703898317,0,268.875212080542,1,17.5971559189511,0,-17.5971559189511,0
255,272,0.199506953328554,0.337646275615017,0,126.556664196596,1,5.24518463119285,0,-5.24518463119285,0
264,273,7.43240104253379e-05,0.0125946382879993,0,606.406407211716,1,-183.908684566272,0,183.908684566272,0
267,273,0.0060589195452367,0.0153426008043911,0,240.141668929911,1,112.021721944157,0,-112.021721944157,0
270,273,0.0057548195321142,0.416339696606057,0,90.4650697828082,1,-5.61033560148742,0,5.61033560148742,0
270,274,0.0003882029851481,0.0041307696938236,0,428.181904944614,1,-428.181904944609,0,428.181904944609,0
272,274,0.0005606267124653,0.0049519261084774,0,555.649730844901,1,428.181904944609,0,-428.181904944609,0
256,275,0.0035200584630053,0.0969962481929951,0,14.9853322165338,1,-14.9853322165312,0,14.9853322165312,0
271,275,0.0049269944872676,0.063420757566649,0,359.709276502101,1,-19.0851975713054,0,19.0851975713054,0
267,276,0.0065114662799209,0.0318721869040052,0,5.98666205592412,1,5.98666205592346,0,-5.98666205592346,0
268,276,0.0210670631443749,0.124700354456139,0,21.2319218746238,1,-2.90924066453,0,2.90924066453,0
270,276,0.0299596359729927,1.25549980974951,0,39.0170331057537,1,-3.0774213913935,0,3.0774213913935,0
267,277,0.0078911575734874,0.158960561518246,0,2676.97852776963,1,16.3394433578091,0,-16.3394433578091,0
270,277,0.0008908252997458,0.0103940895277512,0,449.659834895925,1,-140.1934136172,0,140.1934136172,0
271,277,0.0053061265783149,0.081036236945381,0,150.269361880827,1,53.0619884667257,0,-53.0619884667257,0
272,278,0.0036148287604147,0.0094875064783816,0,1112.19599597109,1,-367.172497969997,0,367.172497969997,0
275,281,0.0003459045692968,0.012644667621843,0,4405.36900407359,1,-52.1124156176803,0,52.1124156176803,0
275,282,0.0710556320331633,0.0921084234468722,0,420.67380698056,1,18.0418858298434,0,-18.0418858298434,0
280,282,0.0276752320345693,0.113295569968316,0,501.833066224096,1,-18.0418858298434,0,18.0418858298434,0
279,283,0.033866884656278,0.0039650262182299,0,141.658588382186,1,-63.2370465121824,0,63.2370465121824,0
281,283,0.0005178428894455,0.0082671114437196,0,470.459908761276,1,-254.744550790945,0,254.744550790945,0
272,284,0.004148443130453,0.078735991484979,0,92.992845214824,1,-55.7642223434188,0,55.7642223434188,0
270,285,0.0039886268698861,0.0086690571439859,0,923.975796342357,1,-290.977791396529,0,290.977791396529,0
280,286,0.0112104826206182,0.0300587107042779,0,175.266927715522,1,69.5508506434175,0,-69.5508506434175,0
246,288,0.0196625215840431,0.0568030885487262,0,1038.3048107986,1,-14.6800740704321,0,14.6800740704321,0
281,288,0.0051833077978709,0.0193136196272989,0,1483122.75808408,1,14.680074070432,0,-14.680074070432,0
285,289,0.0045334893201006,0.0159204055577276,0,305.353362600041,1,-159.995942805772,0,159.995942805772,0
280,290,0.0043738252973514,0.0383483480500477,0,68.0858799443197,1,-51.5089648135746,0,51.5089648135746,0
281,290,0.0015020259282676,0.0127135390176521,0,1149.72345014707,1,187.952061102834,0,-187.952061102834,0
285,290,0.0003425838294876,0.0198942250326699,0,334.322479282825,1,-136.44309628926,0,136.44309628926,0
289,291,0.117406754287679,0.636471963043458,0,7.15967133475687,1,-0.989686864572453,0,0.989686864572453,0
241,292,0.0011010630464721,0.0160982569107585,0,647.74658915152,1,-96.6160095943787,0,96.6160095943787,0
255,292,0.0081699794335432,0.0292553405733312,0,200.25089773328,1,28.0417768152843,0,-28.0417768152843,0
287,292,0.0023643447067216,0.0293453449706724,0,257.508246449013,1,-78.718796886202,0,78.718796886202,0
284,293,0.020137947906727,0.0080915372099003,0,389.215018806562,1,107.851068181675,0,-107.851068181675,0
289,293,0.0029608616574995,0.0216716722053846,0,324.465842107681,1,-107.851068181674,0,107.851068181674,0
242,295,0.0374222624880277,0.0572805194241593,0,323.912217377884,1,-16.3552905038138,0,16.3552905038138,0
243,295,0.0093495301488978,0.0941256185113978,0,336.01265195443,1,16.3552905038139,0,-16.3552905038139,0
243,296,0.0593230914367495,0.0754425626076079,0,359.67498583672,1,-16.355290503814,0,16.355290503814,0
292,296,0.0132086848254218,0.047531211863436,0,8114.61729911522,1,20.7312176512268,0,-20.7312176512268,0
294,296,0.165478107126355,0.554860299612645,0,13.8430995009213,1,3.61308117321078,0,-3.61308117321078,0
247,297,0.0041990450689448,0.0140920906825813,0,465.463870317991,1,165.690609883629,0,-165.690609883629,0
294,297,0.0144961905912482,0.026603575963011,0,219.819744733436,1,70.9377036479848,0,-70.9377036479848,0
289,298,0.135118267392639,0.603236371805704,0,18.693860256605,1,-2.0727095045108,0,2.0727095045108,0
291,298,0.0057443815420585,0.626891031926109,0,7.37025488065853,1,-0.989686864572453,0,0.989686864572453,0
292,298,0.0181749220548032,0.0137184627068735,0,509.286774960716,1,-107.909018376252,0,107.909018376252,0
246,299,0.0001106459539533,0.0003562400187738,0,1569.56194876353,1,149.883641988561,0,-149.883641988561,0
247,299,0.0171634998725366,0.0036591989162073,0,719.370816568756,1,-40.6859347932993,0,40.6859347932993,0
289,299,0.0302674543313036,0.0282376076100827,0,113.40068571421,1,-49.0824782550145,0,49.0824782550145,0
292,299,0.0012423855599414,0.0268814387469562,0,2142.60131821388,1,-60.1152289402718,0,60.1152289402718,0
248,300,0.0087398237882802,0.0969630970548801,0,40.0674115700439,1,-7.98900832062381,0,7.98900832062381,0
296,300,0.0118559439220297,0.0956240109546121,0,39.8519560283419,1,7.98900832062377,0,-7.98900832062377,0
14,119,0.0179300584225629,0.0860410335231353,0,42.5541961808128,1,5.69669308381422,0,-5.69669308381422,0
43,102,0.0037456454186579,0.0183768030382404,0,860.634121760129,1,-159.368990502885,0,159.368990502885,0
13,68,0.0003974671954912,0.0042274541768129,0,1183.65565330546,1,-379.217436999848,0,379.217436999848,0
16,87,0.0032406104962605,0.042439323123486,0,33.0413309030732,1,-33.041330057793,0,33.041330057793,0
112,145,5.92105893990776e-05,0.0033024393567098,0,749.599484585337,1,434.892860800029,0,-434.892860800029,0
65,129,0.0007456318135904,0.0035244303993536,0,1907.44120740875,1,454.632300944336,0,-454.632300944336,0
115,126,0.0084856793752207,0.034126425214146,0,113.087407579457,1,113.087407579446,0,-113.087407579446,0
85,152,0.0093190421001599,0.0009134707180445,0,3112.9514370152,1,796.174308494466,0,-796.174308494466,0
148,221,0.0023094869336946,0.0033403688804353,0,1693.35319265743,1,306.381201240563,0,-306.381201240563,0
152,187,0.0005781049800671,0.0012674353506215,0,2498.63789650357,1,792.85049810112,0,-792.85049810112,0
169,230,0.0013875845751667,0.0095154587363217,0,1271.15084899711,1,340.236898924272,0,-340.236898924272,0
156,215,0.0004089897092467,0.0008557886813307,0,1314.1212844906,1,933.053409504515,0,-933.053409504515,0
209,241,0.0072816272446146,0.0191669377895219,0,1153.58447505395,1,-22.8033246129652,0,22.8033246129652,0
235,294,0.0046652278588802,0.0281797876744379,0,203.230440066921,1,74.5507848211952,0,-74.5507848211952,0
220,252,0.0024679666586567,0.0063033203947832,0,984.09876969012,1,-399.124632906844,0,399.124632906844,0
216,269,0.007365075070753,0.0807632971554301,0,1591.45713007349,1,42.3390030020841,0,-42.3390030020841,0
246,34,2.3463437681242e-05,0.0161575205272055,0,326.416959897793,1,-174.24802025716,0,174.24802025716,0
249,45,0.01166276740628,0.117281093743808,0,955.243949042818,1,26.8425817837959,0,-26.8425817837959,0
268,39,0.0059673749046177,0.0091027300367911,0,396.748546841541,1,-238.393612600078,0,238.393612600078,0
271,31,0.0168856066068807,0.0762509265000604,0,639.392978404654,1,-7.28089734550856,0,7.28089734550856,0
