from_bus,to_bus,resistance,reactance,susceptance,line_rating,line_status,P_from,Q_from,P_to,Q_to
1,5,0.0262994451701465,0.0050139962518009,0,55.4952548952057,1,-21.286900101045,0,21.286900101045,0
3,6,0.0006777909957368,0.0221251180463455,0,1041.13480422235,1,151.591919430902,0,-151.591919430902,0
3,7,0.0199518832577321,0.285647090083084,0,138.169598642784,1,12.364317379742,0,-12.364317379742,0
5,7,0.0031852513689314,0.0281641611906636,0,276.812498732473,1,-31.8735082795404,0,31.8735082795404,0
6,7,0.0246963398208884,0.0091158146444726,0,520.335797825347,1,19.5091908997984,0,-19.5091908997984,0
4,8,1.05035782053283e-05,0.0001897426141302,0,5079.41606470116,1,-1933.32817232545,0,1933.32817232545,0
4,9,0.0006307967083477,0.0031085022646344,0,626.015142805525,1,31.3203964401896,0,-31.3203964401896,0
5,9,1.62490127965692e-05,0.0059466192019615,0,491.001850560379,1,-31.3203964401896,0,31.3203964401896,0
5,10,2.78781296536981e-05,0.0129342573641885,0,213.661777552801,1,108.867453290445,0,-108.867453290445,0
4,11,0.0004132281286544,0.0043631937996541,0,1891.55855932333,1,373.530695690744,0,-373.530695690744,0
5,12,0.0122548860340959,0.018103733800036,0,1446.01022568579,1,-38.7177008137219,0,38.7177008137219,0
10,13,0.001134105677939,0.0129918997541656,0,221.657941357572,1,108.867453290445,0,-108.867453290445,0
6,14,3.04159695789322e-05,0.0040790143944515,0,1311.28845813168,1,415.095726737725,0,-415.095726737725,0
14,17,0.0037331619844734,0.0066877483574689,0,1634.06178619309,1,594.28866596569,0,-594.28866596569,0
18,19,0.0004288784664963,0.0014222757384382,0,1775.25381665277,1,-820.909027663279,0,820.909027663279,0
11,21,0.000732936152216,0.0043221385082062,0,1711.51845763626,1,373.530695690744,0,-373.530695690744,0
16,22,0.0004694559377154,0.0046439727878956,0,2107.87824964995,1,367.019940478844,0,-367.019940478844,0
13,23,0.0013169428310484,0.0129907646247558,0,213.751715120456,1,108.867453290445,0,-108.867453290445,0
18,25,0.0290293358524007,0.212395032057294,0,1813.28010759108,1,-9.0109806583137,0,9.0109806583137,0
24,25,0.0043780456196969,0.013344137082771,0,305.560922754383,1,-261.201343151123,0,261.201343151123,0
14,26,0.0017079992165544,0.138109157839655,0,40.0120571474019,1,0.005026008574166,0,-0.005026008574166,0
16,26,0.100024283916168,0.404738342917109,0,18.1851752270382,1,-4.31810802229972,0,4.31810802229972,0
18,26,0.0005190423000741,0.0024285107749818,0,1830.51630534787,1,636.791049298185,0,-636.791049298185,0
24,26,0.0243962950319744,0.0816354076158018,0,131.658979811504,1,-0.30826181340467,0,0.30826181340467,0
18,27,0.0024616678311463,0.012979055244045,0,1457.88925193516,1,193.128959023408,0,-193.128959023408,0
26,28,0.0695449026330771,0.168854179249743,0,18.1851752270382,1,1.34285792732297,0,-1.34285792732297,0
19,29,0.0002787240233021,0.0032281239488176,0,3445.85983670378,1,-1396.71660472867,0,1396.71660472867,0
27,31,0.012054384697245,0.13529030338893,0,207.813144603465,1,2.04343892353504,0,-2.04343892353504,0
28,31,0.349427491724057,0.422256287571088,0,3.06584324091081,1,2.39164657161379,0,-2.39164657161379,0
27,32,0.0032911245506468,0.0104484460306374,0,436.907792993718,1,-201.954197450691,0,201.954197450691,0
12,33,0.004859677693892,0.0191398822076169,0,14.2659610715809,1,14.2659610715804,0,-14.2659610715804,0
15,33,0.0021625171051338,0.0102221419072929,0,964.629426058195,1,-157.417712524268,0,157.417712524268,0
31,33,0.0018320202861197,0.0131399110794171,0,274.023553339542,1,-173.735110193726,0,173.735110193726,0
15,34,0.0069174903927435,0.0146576554537541,0,651.506462508166,1,102.783767736448,0,-102.783767736448,0
24,34,0.0317649281538951,0.0480649551316812,0,42.5324696930277,1,42.5324696930275,0,-42.5324696930275,0
28,34,0.0048280595957736,0.0096107895143346,0,300.519959421017,1,191.736500972062,0,-191.736500972062,0
30,34,0.0013086533528979,0.0061816521596264,0,1155.47514915957,1,-336.718567806809,0,336.718567806809,0
27,35,0.0004834601056335,0.005843641012522,0,2039.30704836099,1,322.789055882894,0,-322.789055882894,0
32,36,0.0528837262205025,0.0535079984179829,0,246.449997503416,1,14.7300671109896,0,-14.7300671109896,0
14,38,0.0172735099618928,0.0310419750055598,0,139.79934791312,1,13.6279100891643,0,-13.6279100891643,0
16,38,0.0010839961373687,0.0728813862050503,0,18.1851752270382,1,-18.1851752270382,0,18.1851752270382,0
20,38,0.0428659444729975,0.0554785942173194,0,102.392206034182,1,5.43610453390609,0,-5.43610453390609,0
14,40,0.0403313523096349,0.0849150528589152,0,66.8294159525491,1,-1.01565793454122,0,1.01565793454122,0
20,40,0.0086811261961868,0.0663859189676165,0,5.55925166928545,1,-3.12859198508357,0,3.12859198508357,0
32,41,3.10919139469848e-05,0.0094468797751907,0,457.950077965737,1,-216.684264561681,0,216.684264561681,0
37,41,0.0068907313670031,0.0489546525182169,0,182.341638748545,1,-60.9517281557726,0,60.9517281557726,0
15,42,0.0002133522994618,0.0041861663046387,0,2625.05510053672,1,396.029147627089,0,-396.029147627089,0
26,42,0.016617770554922,0.0078138450650791,0,1700.71244374354,1,284.208494980428,0,-284.208494980428,0
34,42,0.0853048936801784,0.452687406127732,0,10.6223985705641,1,0.334170594728417,0,-0.334170594728417,0
39,42,0.0001752402502552,0.0011300631774453,0,2053.96275596337,1,-1032.39251580953,0,1032.39251580953,0
36,43,0.0413401335268381,0.65320601358657,0,18.1851752270382,1,0.205558553158517,0,-0.205558553158517,0
40,43,0.141599263817558,0.683711531624953,0,2.08553281710308,1,-0.205558553158516,0,0.205558553158516,0
36,44,0.0331835861868507,0.0205577536803013,0,3943.25471296432,1,48.8174863900054,0,-48.8174863900054,0
38,44,0.0155591746678573,0.249739751811534,0,3.1919698770828,1,0.878839396032191,0,-0.878839396032191,0
42,44,0.0002517599108101,0.0044879022043146,0,1080.98056941863,1,-351.820702607279,0,351.820702607279,0
14,45,0.0091548567227978,0.0105538598401004,0,467.35870905035,1,-191.810217391162,0,191.810217391162,0
19,45,0.0029571737476656,0.0011965466546957,0,1860.61843638983,1,575.807577065387,0,-575.807577065387,0
28,45,0.0029545172566658,0.0082306730790175,0,523.020571156694,1,-273.583878208525,0,273.583878208525,0
36,45,0.0083723299675461,0.0485020191276866,0,1137.50280527932,1,-34.2929778321743,0,34.2929778321743,0
40,45,0.0108213058653717,0.0254608602220779,0,361.578860591484,1,-76.1205036335255,0,76.1205036335255,0
37,47,0.01853043539353,0.0237577867243549,0,232.616240943099,1,67.3578105774973,0,-67.3578105774973,0
39,48,5.55787738784795e-05,0.0004869800082711,0,1845.52097867559,1,-1144.17416047779,0,1144.17416047779,0
47,48,0.0012572434707718,0.0043546784402864,0,873.510907876442,1,331.371660544804,0,-331.371660544804,0
48,49,0.0006768177779928,0.003956497921828,0,1143.68316446136,1,-396.997576811058,0,396.997576811058,0
12,50,0.0277709080648665,0.252192744238968,0,18.1851752270382,1,4.02585817491826,0,-4.02585817491826,0
16,50,0.0025997189955836,0.0059552690980461,0,1780.67404381891,1,-344.516657229506,0,344.516657229506,0
28,50,0.0003356771845971,0.0048030883961578,0,439.881484903082,1,-110.498214163635,0,110.498214163635,0
31,50,0.0001582906555684,0.0025524486647916,0,2868.01650678966,1,-603.585299876349,0,603.585299876349,0
41,50,0.0054328638709188,0.0692443587632778,0,1850.18172428766,1,41.7786338128787,0,-41.7786338128787,0
46,50,0.267804041839856,0.315241888128389,0,48.2322723124997,1,6.56459342352406,0,-6.56459342352406,0
49,50,0.0010019248394806,0.0039383247943816,0,1099.06650557963,1,-396.997576811058,0,396.997576811058,0
1,51,0.0867392186154783,0.812155685699404,0,16.4667979564075,1,-2.40879181933042,0,2.40879181933042,0
1,53,0.0126894138198449,0.0594987060167738,0,224.993757388046,1,5.88894078616305,0,-5.88894078616305,0
20,53,0.0374141167769056,0.047173837263853,0,275.031883102977,1,-5.97750110425266,0,5.97750110425266,0
50,53,0.0444060394134505,1.61200326304481,0,4.93371779666084,1,0.0885603180896134,0,-0.0885603180896134,0
2,54,0.0487563611355019,0.0221824110417995,0,279.857255240659,1,81.7461511776164,0,-81.7461511776164,0
46,54,0.119736259159153,0.10023500833704,0,488.228831717495,1,-17.710844561893,0,17.710844561893,0
50,54,0.0075391545115503,0.063969062264142,0,117.721973022476,1,-60.1022016247289,0,60.1022016247289,0
51,54,0.0777861159555087,0.42733226679886,0,59.4482961069682,1,-3.93310499099437,0,3.93310499099437,0
4,55,3.68418222735503e-05,0.0001977577545068,0,5208.28773261688,1,1528.47708019452,0,-1528.47708019452,0
50,55,9.25676080273919e-05,0.0002308580051422,0,9348.30701089052,1,-1280.86990502959,0,1280.86990502959,0
52,55,0.0777869555771629,0.282260369769241,0,750.489696447674,1,20.3304497616494,0,-20.3304497616494,0
46,56,0.0148431419869789,0.198196279183685,0,4432.17603647224,1,11.146251138369,0,-11.146251138369,0
47,56,0.004502295078395,0.0331955519418158,0,57.7459127497803,1,-46.738122856534,0,46.738122856534,0
56,57,0.0115429806906806,0.0374695061299924,0,3775.95482648097,1,-35.5918717181651,0,35.5918717181651,0
51,58,0.112938924893534,0.432880750808277,0,13.5506499322885,1,1.52431317166395,0,-1.52431317166395,0
57,58,0.0647039209364452,0.203497419990372,0,12.9391918618044,1,-1.52431317166395,0,1.52431317166395,0
2,59,0.0082703946392035,0.0124320815054689,0,567.079856937043,1,-179.556271205782,0,179.556271205782,0
52,59,0.0096170175474439,0.0912959175148658,0,732.413767125973,1,-20.3304497616493,0,20.3304497616493,0
6,60,0.009609191346085,0.0149763435286524,0,1411.35892359869,1,-167.419555394489,0,167.419555394489,0
57,60,0.0050979771505742,0.0793518460621937,0,1156.7120793592,1,-34.0675585465012,0,34.0675585465012,0
59,60,0.0098554940788353,0.0198178607287778,0,326.062082255479,1,201.48711394099,0,-201.48711394099,0
61,63,0.0002879620782836,0.0046720204512199,0,1263.49981622869,1,-365.185434896609,0,365.185434896609,0
62,64,0.0119681652219223,0.142473321257078,0,127.963057784289,1,-26.126815253763,0,26.126815253763,0
63,64,0.0624870667293191,1.198041275039,0,24.8483453740226,1,-5.19822658057088,0,5.19822658057088,0
62,66,0.0030915880784767,0.0089122134102662,0,219.414209486886,1,7.09633026124563,0,-7.09633026124563,0
64,66,0.0100122563005916,0.0104547822606536,0,474.847737773418,1,362.094404111962,0,-362.094404111962,0
66,68,0.0057412421155428,0.0129594314371272,0,294.550976975208,1,174.517577284576,0,-174.517577284576,0
69,70,0.0026047790171933,0.0314233962852557,0,238.681388851705,1,9.4422420902259,0,-9.4422420902259,0
66,71,0.002124361020874,0.0084062823107721,0,1439.3991473038,1,-155.876686580171,0,155.876686580171,0
66,72,0.0001944266229416,0.0050008516850068,0,1255.29943823222,1,350.549843668804,0,-350.549843668804,0
67,74,0.0061701350400041,0.0780984626384109,0,44.1221353092587,1,34.5902914300814,0,-34.5902914300814,0
73,74,0.0073081783615621,0.0003200482638148,0,975.649164876743,1,-308.062011916746,0,308.062011916746,0
65,75,0.0494649316305028,0.160997707525377,0,2491.72874356484,1,2.57560084160708,0,-2.57560084160708,0
68,75,0.0133222641130638,0.0029394268743817,0,420.233247274669,1,174.517577284576,0,-174.517577284576,0
73,75,0.000358018467887,0.0081937520386419,0,1121.97133376442,1,171.486806291524,0,-171.486806291524,0
67,76,0.0033527246124065,0.0207635534675252,0,412.52341777497,1,-93.5991741457771,0,93.5991741457771,0
71,76,0.0027003553074295,0.0110697215421208,0,232.30623585194,1,-186.422164774464,0,186.422164774464,0
69,78,0.0002714617277544,0.0011200172857544,0,5937.14291888885,1,-920.662726581663,0,920.662726581663,0
75,79,0.0016328270030125,0.0078119767515108,0,621.310272165925,1,264.836509001001,0,-264.836509001001,0
71,81,0.0014480935015324,0.0406148561926563,0,22188.1016014908,1,30.5454781942922,0,-30.5454781942922,0
73,81,0.0053975774641109,0.0070347227812828,0,1034.19895007779,1,-204.592723704323,0,204.592723704323,0
73,83,0.0017886570815787,0.0066750889053671,0,1574.27789977251,1,341.167929329545,0,-341.167929329545,0
79,83,0.0057345425961164,0.0035076296952513,0,1328.78355500466,1,-341.167929329545,0,341.167929329545,0
74,84,0.0033383664946873,0.0072049285768543,0,778.387687313223,1,-273.471720486662,0,273.471720486662,0
77,84,0.0061092828860283,0.343239858658932,0,18.1851752270382,1,0.0,0,0.0,0
80,84,0.0006739077373899,0.03270417347398,0,451.385716254636,1,50.6300161485567,0,-50.6300161485567,0
82,85,0.0029455868811165,0.0078407365399262,0,1987.45072307508,1,158.263704113563,0,-158.263704113563,0
80,86,0.0038928424254472,0.0078240254494542,0,702.162420674614,1,290.797780815528,0,-290.797780815528,0
85,88,0.0007067332532669,0.009140929531862,0,1578.12573113916,1,158.263704113563,0,-158.263704113563,0
80,89,0.0019977112287927,0.004921441008108,0,1475.92443931452,1,-347.833879385809,0,347.833879385809,0
87,89,0.002686973932079,0.0064079321172681,0,3194.88892976698,1,-417.998983154703,0,417.998983154703,0
86,90,0.0060548958583096,0.0008307559837611,0,2056.40073752743,1,-427.3599917972,0,427.3599917972,0
81,91,0.0174975009044176,0.0088772702702808,0,458.361515023514,1,-20.2032397052824,0,20.2032397052824,0
90,91,0.0188503938683825,0.0120154743108839,0,385.86949624001,1,15.4776808132384,0,-15.4776808132384,0
86,92,0.0066415069002088,0.274163705210992,0,15.6109350173074,1,-2.67852570407403,0,2.67852570407403,0
87,93,2.81772760853891e-05,0.0003543592617623,0,547.089360763931,1,427.895712060141,0,-427.895712060141,0
92,93,0.0500012986405355,0.110161748980411,0,69.7401010360522,1,-3.83582060346639,0,3.83582060346639,0
86,94,0.0095935728239462,0.317290775760453,0,5.9829445616922,1,-2.05342809793013,0,2.05342809793013,0
91,94,0.03949718425612,0.102098738155764,0,167.450490511797,1,-4.72555889204398,0,4.72555889204398,0
92,94,0.610375965891893,0.0709784389099054,0,34.0374538586823,1,1.16684360269442,0,-1.16684360269442,0
87,95,0.0108502806937156,0.173102461110168,0,21.880401910043,1,1.88980581127151,0,-1.88980581127151,0
94,95,0.0029604128311559,0.174557731562782,0,24.4450330744624,1,-1.88980581127151,0,1.88980581127151,0
86,96,0.0035063270202018,0.128296681568704,0,111.397783257741,1,-5.95831869362181,0,5.95831869362181,0
87,96,0.0210801919025657,0.0903807260017072,0,94.4403363280518,1,6.02021641750192,0,-6.02021641750192,0
89,97,0.0004356270436067,0.0002875817886454,0,1790.97235757877,1,-1125.11315620833,0,1125.11315620833,0
86,98,0.12646037046685,0.175968075217986,0,260.025623582562,1,-19.1317709691606,0,19.1317709691606,0
93,99,0.000140321124125,0.0089200413825905,0,530.964525546225,1,246.692747077621,0,-246.692747077621,0
88,100,0.0022283196918473,0.0201131027550716,0,1118.31574913227,1,7.37072172783195,0,-7.37072172783195,0
98,100,0.0002540780290534,0.0271550891920645,0,501.314335764978,1,-108.149853171505,0,108.149853171505,0
69,101,0.0011447523473187,0.0006527354349512,0,4016.55563891586,1,911.220484491437,0,-911.220484491437,0
92,102,0.0152307096124704,0.474935541937963,0,18.1851752270382,1,-0.0095487033020633,0,0.0095487033020633,0
96,102,0.103195331390705,0.412664059514353,0,18.1851752270382,1,0.0618977238801117,0,-0.0618977238801117,0
98,103,0.0032926204955264,0.0240067670072905,0,290.55983355236,1,89.018082202344,0,-89.018082202344,0
94,104,0.0293796680297591,1.07754567359609,0,18.1851752270382,1,-0.052349020578046,0,0.052349020578046,0
102,104,0.248590240542344,0.591172384244044,0,18.1851752270382,1,0.0523490205780457,0,-0.0523490205780457,0
81,105,0.001968096939706,0.027324508874111,0,678.875952405768,1,-46.4699213105173,0,46.4699213105173,0
101,105,0.0007908643594687,0.0008661266089956,0,3048.58987748503,1,904.979209982145,0,-904.979209982145,0
76,106,0.0251980552042635,0.141956446982454,0,361.336642422036,1,31.5744172959585,0,-31.5744172959585,0
101,106,0.0162154683822523,0.138648902505412,0,289.16798032098,1,23.3073953744538,0,-23.3073953744538,0
100,109,0.002241456282971,0.0194157193974658,0,609.45169691019,1,128.955762658671,0,-128.955762658671,0
101,109,0.0566425283497806,0.102913017361122,0,54.8856052894761,1,-17.0661208651627,0,17.0661208651627,0
108,109,0.0003450070854892,0.0876562323381988,0,3080.83541988075,1,-38.2789753154652,0,38.2789753154652,0
70,110,0.0007422523998266,0.002336152178567,0,644.795311554505,1,235.494393383362,0,-235.494393383362,0
86,110,0.0102474362809808,0.226761138213215,0,18.1851752270382,1,-7.89920523778801,0,7.89920523778801,0
107,110,8.43553619710312e-05,0.0033381369559475,0,890.56765684004,1,-315.333027572827,0,315.333027572827,0
108,110,0.0183088811806987,0.103797546540784,0,277.920399595908,1,-12.9771141037854,0,12.9771141037854,0
108,111,0.0024168860601522,0.0030243763022117,0,644.163942077599,1,-366.7404627981,0,366.7404627981,0
103,112,0.0412132034557028,0.387910740289217,0,54.6564473383838,1,-5.15992518841242,0,5.15992518841242,0
109,112,0.0164084147853533,0.039760748638581,0,165.717599659803,1,14.2979190576852,0,-14.2979190576852,0
86,113,0.0012374377120998,0.0174572927906516,0,426.252618139225,1,-29.6221757010522,0,29.6221757010522,0
88,113,0.0058467297230073,0.0157133820456789,0,415.65313728793,1,377.673303803424,0,-377.673303803424,0
106,113,0.0008090215392083,0.0197562747786684,0,1374.41518756528,1,-86.3200616390246,0,86.3200616390246,0
62,114,0.0115012395629813,0.003735511962096,0,347.022446531346,1,17.5667912973041,0,-17.5667912973041,0
112,114,0.0455137576771276,0.362611816590555,0,47.2580103183738,1,9.13799386927277,0,-9.13799386927277,0
113,114,0.000658999174526,0.0050249521625505,0,1568.2020755791,1,119.311105476151,0,-119.311105476151,0
113,115,0.0006373636288443,0.0047254122840186,0,2511.08173094098,1,204.014839783737,0,-204.014839783737,0
86,116,0.000231722274647,0.0024187609884487,0,1013.09202768696,1,727.471234641629,0,-727.471234641629,0
67,117,0.0066714262891676,0.0339592189137661,0,80.0797838039237,1,57.7402975425645,0,-57.7402975425645,0
103,117,0.0068813834625556,0.0195359748397136,0,349.83342372051,1,94.1780073907564,0,-94.1780073907564,0
116,117,0.0062275740084327,0.007478027700537,0,1674.08921819897,1,-153.685498347929,0,153.685498347929,0
62,118,0.0074979148579074,0.0935468108420509,0,34.464502686181,1,0.158261174108054,0,-0.158261174108054,0
67,118,0.184864521419055,1.08947690480238,0,18.1851752270382,1,1.26858517313129,0,-1.26858517313129,0
108,118,0.159064050905362,0.21711412702236,0,55.5543759625048,1,2.19162909541744,0,-2.19162909541744,0
65,119,0.0002191466753343,0.0024355621116018,0,2109.20083885083,1,-609.554938097613,0,609.554938097613,0
111,119,0.0023131116435852,0.0082528370986592,0,303.991154206896,1,303.991154206895,0,-303.991154206895,0
113,119,0.0007220363329114,0.0048693013107194,0,2691.80779074572,1,302.407069341564,0,-302.407069341564,0
118,119,0.0355876621337465,0.29264434847094,0,7.5415547042107,1,3.15671454915365,0,-3.15671454915365,0
62,120,0.05959186060774,0.0786686841117516,0,4.68528558842746,1,1.30543252110515,0,-1.30543252110515,0
117,120,0.0986804929644969,0.277745108102588,0,30.2997777219093,1,-1.7671934146083,0,1.7671934146083,0
118,120,0.0164915738717195,0.190340567490058,0,16.2974987577616,1,0.461760893503127,0,-0.461760893503127,0
124,126,0.0071247151031283,0.0179068685033145,0,879.133641732908,1,0.139976274336889,0,-0.139976274336889,0
124,127,0.0154049820299673,0.0273087734848609,0,79.6936104529642,1,3.14375704952493,0,-3.14375704952493,0
127,128,0.0016379648002069,0.102441266959773,0,38.9733974093938,1,-1.72244328676562,0,1.72244328676562,0
122,129,0.123015475545402,0.215557044873224,0,18.1851752270382,1,5.0432718389454,0,-5.0432718389454,0
126,129,0.0341805102482811,0.0692469476066986,0,864.087447060151,1,2.69171889660142,0,-2.69171889660142,0
124,130,0.0466581627859177,0.0915448866123312,0,34.8368461455088,1,8.63589354895142,0,-8.63589354895142,0
129,130,0.0001450266964776,0.0218841983213899,0,103.888612305398,1,27.4934467671947,0,-27.4934467671947,0
122,131,0.0043916397620113,0.010807435956191,0,647.934300636056,1,236.974349223353,0,-236.974349223353,0
126,131,0.0080303917523731,0.0094552474456698,0,897.867100560514,1,175.602558826877,0,-175.602558826877,0
125,132,0.0001110440182371,0.0007053269992072,0,3949.10698403023,1,584.077663531965,0,-584.077663531965,0
125,133,0.0017432505077234,0.0021936786641685,0,735.142248035219,1,364.031838505514,0,-364.031838505514,0
130,133,0.0013628654370587,0.0178406577636455,0,1168.43093744299,1,39.057938994735,0,-39.057938994735,0
125,134,0.0001054143989282,0.0004716348633802,0,2411.85094156199,1,-538.886872445914,0,538.886872445914,0
132,135,0.0184661678049882,0.0581431786392909,0,231.211299191656,1,-29.9778639989454,0,29.9778639989454,0
124,136,0.0061957948676205,0.0131799851376704,0,424.68599641303,1,32.8267316384296,0,-32.8267316384296,0
130,136,0.0042917800764109,0.122214103024379,0,752.850440331012,1,-2.9285986785889,0,2.9285986785889,0
128,138,0.0784555938340961,0.232344798227923,0,32.1081568900738,1,-1.72244328676562,0,1.72244328676562,0
135,138,0.118036910282306,0.0879113726074213,0,43.2496733811095,1,1.72244328676562,0,-1.72244328676562,0
129,140,0.0805100686557853,0.38565017892906,0,34.7993738354121,1,1.15391675464264,0,-1.15391675464264,0
136,140,0.0009754823892606,0.002795064875367,0,1098.95394456753,1,72.0027015118929,0,-72.0027015118929,0
135,141,0.0022506917479138,0.0573062613909317,0,684.404022858661,1,15.581910376125,0,-15.581910376125,0
123,142,0.0079407789999091,0.0180442822744627,0,1014.4457517153,1,119.071901484795,0,-119.071901484795,0
135,142,0.0041275454706572,0.0299341377014841,0,663.270741708304,1,-112.439482696939,0,112.439482696939,0
137,142,0.116130085285941,0.146780720902129,0,571.757021009464,1,-6.63241878785583,0,6.63241878785583,0
137,144,0.0343074190307792,0.0590295262938841,0,1152.11015711853,1,6.63241878785583,0,-6.63241878785583,0
127,145,0.0129079422825691,0.0251012877845332,0,103.866275064075,1,9.687014678667,0,-9.687014678667,0
140,147,0.0013877666613487,0.007884153882862,0,1018.42394431067,1,91.9234698274938,0,-91.9234698274938,0
141,147,0.0074853451864815,0.0044527570136665,0,503.022511567514,1,248.817984257476,0,-248.817984257476,0
143,147,0.0864930605562748,0.478022704660467,0,18.1851752270382,1,4.12763044608276,0,-4.12763044608276,0
140,148,0.0120045206431183,0.0057195064031148,0,455.163993071579,1,-70.1622879398973,0,70.1622879398973,0
143,148,0.0160538836267206,0.536713369875799,0,38.8731896673407,1,1.57825141038572,0,-1.57825141038572,0
145,148,0.0074173548585897,0.216199412049556,0,153.964384765258,1,-0.445858245193717,0,0.445858245193717,0
139,149,1.22781216227556e-05,0.0023518527603954,0,3559.64261233704,1,697.466647564427,0,-697.466647564427,0
144,149,0.0023598307217158,0.0020625678099369,0,2095.41703968822,1,-575.223158747207,0,575.223158747207,0
143,151,0.634599715585185,0.353589659376354,0,18.1851752270382,1,-1.62466754200023,0,1.62466754200023,0
150,151,0.245443745397554,1.08332782275853,0,18.1851752270382,1,0.201499489164239,0,-0.201499489164239,0
146,152,0.018697449302754,0.0217332710929165,0,975.735299452125,1,30.8601208883932,0,-30.8601208883932,0
148,152,0.0008266705652379,0.0137500641102068,0,205.223045090895,1,-67.2149578128991,0,67.2149578128991,0
143,153,0.0057537167194098,0.102269132548773,0,48.3172585477305,1,-4.08121431446825,0,4.08121431446825,0
144,153,0.0004398757899454,0.0027689739623611,0,2323.84766840064,1,581.855577535063,0,-581.855577535063,0
148,153,0.0314828981963096,0.696691349217571,0,33.2714740544543,1,-1.81493696180628,0,1.81493696180628,0
151,153,0.0718352109311191,0.132867422559952,0,55.1760128022742,1,1.1822566590279,0,-1.1822566590279,0
151,154,0.191185014196387,0.708715788270878,0,3.62050862309195,1,-0.577496897589152,0,0.577496897589152,0
124,155,0.0344339650713824,0.181592616204531,0,19.4770613112253,1,-11.096358110035,0,11.096358110035,0
141,155,0.0059682528304473,0.108926443584513,0,80.5056270129006,1,-20.8006195654745,0,20.8006195654745,0
146,155,0.0034939872257034,0.0211512375954456,0,1483.7622136755,1,-30.8601208883933,0,30.8601208883933,0
147,155,0.0126943006248738,0.0654322178656236,0,2416.8624834829,1,-51.5596696581312,0,51.5596696581312,0
149,155,5.7129409487261e-05,0.0148425041822522,0,268.965070133323,1,122.24348881722,0,-122.24348881722,0
127,156,0.0589374049263384,0.805693514318395,0,5.39375020022586,1,2.44994444048656,0,-2.44994444048656,0
151,157,0.0599470144051799,0.22152368792727,0,51.1684000029732,1,-2.02792781427475,0,2.02792781427475,0
155,157,0.133351700329343,0.185836386669278,0,50.1934312733421,1,2.02792781427474,0,-2.02792781427474,0
150,158,0.28705539689407,0.211266966166267,0,18.1851752270382,1,-0.201499489164238,0,0.201499489164238,0
136,159,0.0168142364722631,0.034373688170117,0,4516.12855439344,1,2.81955124504833,0,-2.81955124504833,0
140,159,0.0120890492027265,0.0370037064705619,0,994.615594496268,1,-2.81955124504833,0,2.81955124504833,0
154,161,0.339435211064903,0.681683529707028,0,4.82010534400111,1,-0.577496897589152,0,0.577496897589152,0
155,163,0.0155601707817723,0.0826060278155032,0,53.3619681344505,1,-6.18925617069608,0,6.18925617069608,0
161,163,0.169761133130814,0.686030653849539,0,6.24864644424485,1,-0.778996386753392,0,0.778996386753392,0
136,164,2.0056411432733e-07,0.0017698897563807,0,1424.61162701327,1,-142.427541184417,0,142.427541184417,0
155,165,0.155561944910139,0.474465579202089,0,53.4959657186363,1,12.0880489516077,0,-12.0880489516077,0
156,165,0.357684673185147,0.677807188181376,0,4.50795398398844,1,2.44994444048656,0,-2.44994444048656,0
145,166,7.58737290502772e-05,0.0093001226017439,0,176.217697316295,1,13.6605655392005,0,-13.6605655392005,0
163,166,0.0003631914917634,0.008841497770171,0,975.397569934207,1,337.311649130525,0,-337.311649130525,0
158,167,0.532089110967627,1.29063868147032,0,18.1851752270382,1,-0.201499489164239,0,0.201499489164239,0
161,167,0.0453316026502883,1.39964657010881,0,18.1851752270382,1,0.201499489164239,0,-0.201499489164239,0
140,168,0.0478865638563218,0.0196018671118596,0,173.257676044673,1,54.2149876239876,0,-54.2149876239876,0
160,169,0.0002460912502159,0.0017647848575736,0,1260.96840977157,1,623.546523131974,0,-623.546523131974,0
169,170,0.0002595029890254,0.0041792316557929,0,1179.07789969163,1,334.663535747425,0,-334.663535747425,0
162,171,0.0525921813107047,0.346707629929609,0,18.1851752270382,1,0.0,0,0.0,0
166,171,0.0408862417193937,0.236581958426242,0,24.2579785942008,1,-9.01499364631284,0,9.01499364631284,0
121,172,0.0002008310040779,0.0117941095324755,0,584.47642404703,1,-183.505398845654,0,183.505398845654,0
163,172,8.82350596459366e-05,0.009717122999355,0,1025.39953460928,1,-344.279901687975,0,344.279901687975,0
170,172,0.0023611625969673,0.0027586869514064,0,1569.29233208174,1,334.663535747426,0,-334.663535747426,0
171,173,0.0037312135418963,0.0538991140829493,0,99.3432826322624,1,-57.4305620727886,0,57.4305620727886,0
127,174,0.21135022037226,1.0880250555089,0,15.5647949102497,1,-7.27075878286302,0,7.27075878286302,0
165,174,0.141445994274931,0.363683253334993,0,220.991975432093,1,-31.7453771131691,0,31.7453771131691,0
173,174,0.008272420410396,0.0531551116100734,0,112.519428768254,1,-57.4305620727887,0,57.4305620727887,0
136,175,0.0041857398776555,0.0165973536428485,0,287.626474205915,1,97.5034213873161,0,-97.5034213873161,0
165,175,0.0014504089021736,0.0171213668472924,0,287.940450201504,1,-97.503421387316,0,97.503421387316,0
121,176,0.0009714222894326,0.0204811385113167,0,351.686061269791,1,-256.439472870063,0,256.439472870063,0
174,176,0.0055288985213522,0.0612339867654096,0,129.205547480231,1,-18.5300808988223,0,18.5300808988223,0
173,177,0.632451915693205,1.68283387631756,0,18.1851752270382,1,0.0,0,0.0,0
122,179,0.0016049276661514,0.0125393704552758,0,582.814456785374,1,-242.017621062298,0,242.017621062298,0
123,179,2.66568319534852e-05,0.007257037394664,0,922.359960672208,1,306.406667942302,0,-306.406667942302,0
178,179,0.0276855418068355,0.0771689157068154,0,1418.30225622607,1,-18.6253890587112,0,18.6253890587112,0
129,180,0.0028134193883788,0.0582770375226546,0,1426.02178801677,1,-20.9123727862906,0,20.9123727862906,0
153,180,0.0353583093184684,0.0008855329048002,0,268.049285877288,1,2.28698372757936,0,-2.28698372757936,0
178,180,0.0006684473734829,0.0787016671086305,0,1246.97047978356,1,18.6253890587112,0,-18.6253890587112,0
182,184,0.0010939432019213,0.0272305362398746,0,10137.2546094446,1,142.295187073115,0,-142.295187073115,0
182,185,0.0038682705400906,0.0217934815626175,0,1006.98880174636,1,-356.489232968066,0,356.489232968066,0
188,190,0.028403036302503,0.514712114003771,0,18.1851752270382,1,1.21303336467661,0,-1.21303336467661,0
182,191,0.0004390673467878,0.036311976917644,0,398.209588814059,1,87.3627754059992,0,-87.3627754059992,0
188,191,0.409617214458828,1.61571864187808,0,18.1851752270382,1,-1.21303336467661,0,1.21303336467661,0
186,192,0.0035106232518228,0.150891276465618,0,106.115010304852,1,-16.8314762140752,0,16.8314762140752,0
187,192,9.80709169276212e-05,0.0453594119661269,0,221.058815886637,1,43.9694913690395,0,-43.9694913690395,0
186,193,0.0090764476780295,0.0394415884137995,0,1369.19400369186,1,-13.7643314839939,0,13.7643314839939,0
187,193,0.0159211671197507,0.206141318968135,0,262.162615084316,1,19.3617957161028,0,-19.3617957161028,0
189,193,0.0010812508662844,0.014817945484774,0,275.973589112668,1,96.6544384796201,0,-96.6544384796201,0
190,194,0.0212498205508558,0.125495994901519,0,126.661752653526,1,-26.9790089954703,0,26.9790089954703,0
191,194,0.0029435742289259,0.0902675549063137,0,2975.99880609746,1,-8.87887113102287,0,8.87887113102287,0
192,194,0.0288551745844847,0.0731696232854634,0,753.906492817999,1,-45.3307537552849,0,45.3307537552849,0
191,195,0.0137101081054395,0.020214519478204,0,698.483770659279,1,95.0286131723455,0,-95.0286131723455,0
189,197,0.0006786235903805,0.014030929558907,0,258.872101887192,1,-72.9575426007598,0,72.9575426007598,0
196,197,0.0009985062417361,0.0032419306592159,0,922.978830874204,1,-346.72739678937,0,346.72739678937,0
192,198,0.0171848632728981,0.0187049167896208,0,696.7064091892,1,92.7172308145274,0,-92.7172308145274,0
197,199,0.0569211730256694,0.375137751226008,0,26.4032747426721,1,-23.256185200946,0,23.256185200946,0
196,200,0.0267851134097773,0.064443392971557,0,1867.92889170652,1,1.91346842532628,0,-1.91346842532628,0
192,201,0.854016935693819,1.74215281600521,0,9.67987254303567,1,0.344897045585424,0,-0.344897045585424,0
196,201,0.414645495375843,0.18601583269349,0,9.00288213644571,1,-0.344897045585421,0,0.344897045585421,0
192,202,0.0989718142164621,0.0613608789849248,0,110.625305814991,1,-20.5933589498635,0,20.5933589498635,0
202,205,0.0333664615354493,0.660850123783514,0,27.3048280699578,1,-6.67504478604052,0,6.67504478604052,0
204,205,0.0768854941754304,0.0787614861192816,0,156.605330776181,1,-36.8590309407975,0,36.8590309407975,0
196,206,0.060356080252875,0.52595946219301,0,28.17354040485,1,-3.97283898830065,0,3.97283898830065,0
202,206,0.063121886233995,0.351319121811864,0,26.8303920975468,1,-0.458005189395535,0,0.458005189395535,0
204,206,0.0533733715483927,0.304056311697776,0,18.1851752270382,1,4.43084417769618,0,-4.43084417769618,0
203,207,0.0022623891850215,0.0035140385305605,0,553.699495658425,1,-430.477949774209,0,430.477949774209,0
204,207,0.0040097641605261,0.0782532274675214,0,122.328163980328,1,32.4281867631014,0,-32.4281867631014,0
199,209,0.0003800554820993,0.0303624146586569,0,480.528398848438,1,135.481414585277,0,-135.481414585277,0
202,209,0.0051967789722499,0.0314369809646212,0,365.923868494036,1,-121.072377649162,0,121.072377649162,0
202,210,0.0053031219521217,0.0220829095517345,0,580.881663582401,1,-56.8330895464027,0,56.8330895464027,0
208,210,9.07861499854924e-05,0.0232311040166717,0,585.810786391949,1,56.8330895464027,0,-56.8330895464027,0
183,213,0.0261636970385261,0.0068972581800576,0,1588.25362230772,1,-20.2156493619848,0,20.2156493619848,0
203,213,0.0066167433345617,0.0387236695418517,0,3337.6816141016,1,-22.310267568186,0,22.310267568186,0
208,214,0.0014625638110121,0.0231709758271451,0,580.677939288683,1,-56.8330895464027,0,56.8330895464027,0
212,214,0.001301747638792,0.0058640341885148,0,4199.43382031677,1,-383.111782169313,0,383.111782169313,0
205,215,0.145264206235362,0.279453515275755,0,229.741584533217,1,-43.5340757268381,0,43.5340757268381,0
190,216,0.0127721795769509,0.0278891100253303,0,93.7294481798495,1,-64.6449015020831,0,64.6449015020831,0
211,216,0.0010143825279419,0.0450714219257166,0,154.774086500884,1,-56.9033896631816,0,56.9033896631816,0
207,217,0.0023442705933712,0.0037335537807435,0,5235.14927948118,1,-398.049763011108,0,398.049763011108,0
209,217,0.0235982685316589,0.232457450457325,0,14.4090369361146,1,14.4090369361145,0,-14.4090369361145,0
212,217,0.0005906327312984,0.0031034569015919,0,4751.21699890265,1,383.111782169313,0,-383.111782169313,0
216,217,0.095603227506037,0.0258566596549777,0,29.9413173212893,1,0.528943905679691,0,-0.528943905679691,0
216,218,0.091617365573077,0.295899071355976,0,16.3307979366841,1,-16.2142443063211,0,16.2142443063211,0
213,219,0.0015291671316512,0.036964567618434,0,737.237494764075,1,-52.1768413962171,0,52.1768413962171,0
218,219,0.0039437673006235,0.122212953679574,0,27114.3816158087,1,41.0568838533332,0,-41.0568838533332,0
221,222,0.0037346802939151,0.0156315877347758,0,406.598351928202,1,146.700380533568,0,-146.700380533568,0
215,223,0.162063119325262,0.340763672861612,0,117.461963557794,1,42.4185193071998,0,-42.4185193071998,0
221,223,0.0194261664831405,0.0399977671800187,0,56.5822209002713,1,-45.1546371545884,0,45.1546371545884,0
189,224,0.0009646448083013,0.137934215142452,0,34.1795439871183,1,-23.6968958788603,0,23.6968958788603,0
215,224,0.174249085304702,1.39557230560659,0,10.8461482889932,1,10.8461482889931,0,-10.8461482889931,0
216,224,0.0756989043083408,0.0184185125517967,0,599.271679123841,1,-52.6661274944362,0,52.6661274944362,0
220,224,0.0001593402872874,0.0347938982602803,0,55.1779514233263,1,-0.31964669868623,0,0.31964669868623,0
223,224,0.105773210412702,0.105386894894465,0,6.47038456566597,1,6.47038456566505,0,-6.47038456566505,0
187,225,0.0050951052941976,0.0074139255235949,0,957.222717772429,1,-86.7718884411153,0,86.7718884411153,0
216,225,0.001259386762944,0.0169894457133337,0,448.477237250295,1,-53.196863270187,0,53.196863270187,0
220,225,0.0566297716965165,0.172455261310586,0,68.2149598890392,1,0.319646698686226,0,-0.319646698686226,0
194,226,0.0536562354226291,0.0095028364924602,0,162.224799568608,1,-81.1886338817781,0,81.1886338817781,0
218,226,0.100768970464617,0.117289373431572,0,39.6273715048153,1,20.8321405758445,0,-20.8321405758445,0
219,227,0.0231616028325091,0.132187894704943,0,131.673019957135,1,-11.1199575428839,0,11.1199575428839,0
226,227,0.0003853931935662,0.0993142777888009,0,110.369342172672,1,11.1199575428839,0,-11.1199575428839,0
200,229,0.0584760813744953,0.117999070691133,0,495.393554247852,1,2.99079116262998,0,-2.99079116262998,0
221,229,0.0091610577686195,0.0467331587140369,0,7203.60006972594,1,58.2251851981002,0,-58.2251851981002,0
221,230,8.34521978171913e-05,0.0091487601481009,0,1619.30488137071,1,-80.8726139556853,0,80.8726139556853,0
181,231,0.0142712392285141,0.0327167322859734,0,238.803137240716,1,-66.1891626115608,0,66.1891626115608,0
190,231,0.102774176047347,0.115772242193243,0,965.720475781088,1,19.1566441313083,0,-19.1566441313083,0
229,231,0.0235044500232847,0.0204820269725637,0,170.238644129725,1,55.9266130992361,0,-55.9266130992361,0
182,232,0.0052443400693731,0.204515260050788,0,149.128195004879,1,21.9230049752952,0,-21.9230049752952,0
186,232,0.050335610780861,0.0544516719285858,0,151.253264684454,1,-68.7547141662411,0,68.7547141662411,0
200,232,0.143879676673879,1.84941448610516,0,18.1851752270382,1,-1.07732273730371,0,1.07732273730371,0
213,232,0.0004195545641829,0.0036027208961304,0,858.219414666469,1,-449.304422415155,0,449.304422415155,0
225,232,0.0001596692459608,0.0032942232406759,0,1332.61714984351,1,435.205594177621,0,-435.205594177621,0
182,233,0.0066013186490465,0.0293287143505158,0,1676.67159891171,1,63.6382045652763,0,-63.6382045652763,0
223,233,0.0273685026272313,0.0472880677142211,0,1666.3660829804,1,-9.20650241305364,0,9.20650241305364,0
226,233,0.0114956646646221,0.061091560488311,0,1427.8220865833,1,4.37225596278999,0,-4.37225596278999,0
230,233,0.0088937899455431,0.0351297986946111,0,270.51085851684,1,-42.7431491694508,0,42.7431491694508,0
182,234,0.0358673951294114,0.108052239358863,0,669.82255138818,1,41.2700609483797,0,-41.2700609483797,0
183,234,0.0097595110815579,0.0275444181914077,0,169.187971844617,1,-64.7106623043526,0,64.7106623043526,0
187,234,0.0177010556991344,0.0326816489503042,0,46.1388111332652,1,23.440601355973,0,-23.440601355973,0
184,236,0.0045687948808055,0.0212231420058727,0,3051.5981260671,1,142.295187073116,0,-142.295187073116,0
196,236,0.003590018699577,0.0015525096206002,0,862.413765253795,1,349.13166439793,0,-349.13166439793,0
185,237,0.0073901104408037,0.0714786970434001,0,1339.25751033903,1,84.8607398410524,0,-84.8607398410524,0
232,237,0.0531886019001737,0.0997776001148817,0,923.698636500134,1,-62.0078601657835,0,62.0078601657835,0
235,237,0.0235253387872117,0.0958968924257162,0,4997.73231624266,1,-22.8528796752688,0,22.8528796752688,0
183,238,0.0006653949096635,0.0260425754680596,0,539.775870402242,1,84.9263116663374,0,-84.9263116663374,0
228,238,0.0004195671580084,0.155619768978717,0,198.959799210299,1,-9.70466675774518,0,9.70466675774518,0
231,238,0.0127397259499096,0.0538597387612544,0,309.618984680685,1,8.89409461898363,0,-8.89409461898363,0
185,239,0.0002581195344442,0.0066815483337212,0,481.865132431538,1,-441.349972809119,0,441.349972809119,0
239,240,0.0075247925226285,0.0145273382835184,0,441.34997280912,1,-441.349972809119,0,441.349972809119,0
242,245,0.0063238358295884,0.0172458920979522,0,194.182234154644,1,124.509980265281,0,-124.509980265281,0
246,248,0.0083982523352961,0.015163264142553,0,309.428570505146,1,-153.02812155321,0,153.02812155321,0
247,248,0.0082487271164089,0.0330392468851885,0,249.341669197379,1,-47.7955317604704,0,47.7955317604704,0
241,249,0.0006141529265821,0.0038091234584805,0,2646.4656310158,1,-604.316230156361,0,604.316230156361,0
243,249,0.0017233991329148,0.0101864879531228,0,420.647275010793,1,-179.384499009717,0,179.384499009717,0
247,250,0.0153804508703565,0.0440795053180917,0,5322.68310177128,1,41.8500502542457,0,-41.8500502542457,0
246,251,0.0179600728256705,0.0251607879872172,0,478.638622704441,1,40.6876548930671,0,-40.6876548930671,0
247,252,0.0418242837120232,0.164121621259177,0,27.8417136767206,1,17.5520991554242,0,-17.5520991554242,0
248,253,0.0975904212452056,1.50840440734641,0,7.15830904927447,1,2.04649507204922,0,-2.04649507204922,0
253,254,0.16451163457147,0.414660838938001,0,104.511515104443,1,6.39259067813542,0,-6.39259067813542,0
246,255,0.0091362635267726,0.0201676931040165,0,451.572056228907,1,26.4674461943141,0,-26.4674461943141,0
247,255,0.0017847847532544,0.0133726009888186,0,925.896367277714,1,95.3490489746245,0,-95.3490489746245,0
247,257,0.0018663102292475,0.0148138748383216,0,566.168871241389,1,-106.955666623824,0,106.955666623824,0
253,258,9.33514871407187e-07,0.0320928166743706,0,2.1974877795692,1,2.19748777956759,0,-2.19748777956759,0
256,258,0.0154126788063301,0.0255424486404857,0,740.636370066545,1,105.720287225774,0,-105.720287225774,0
254,259,0.0601767703029971,0.229753083810233,0,8.71378320614683,1,2.61348241915093,0,-2.61348241915093,0
258,259,0.0011158678717673,0.0294732641240551,0,753.318784462455,1,107.917775005342,0,-107.917775005342,0
251,261,0.0086705569962174,0.0756565106090895,0,72.7077070633608,1,25.9617487500371,0,-25.9617487500371,0
252,261,0.0114770737636179,0.10041439857254,0,120.381647449154,1,8.45005571788785,0,-8.45005571788785,0
254,261,0.144228407480233,1.69570468715635,0,2.60527399802146,1,-0.253218969421761,0,0.253218969421761,0
259,261,0.0598091174621957,0.0259181765796984,0,152.600421491828,1,-39.7342859148435,0,39.7342859148435,0
254,264,0.030626360888568,0.0758147161818314,0,15.4191317913361,1,9.4745575172141,0,-9.4745575172141,0
263,265,0.0112346832453482,0.0718803910586323,0,3451.25779870326,1,35.9261039655865,0,-35.9261039655865,0
260,266,0.001925557022018,0.000782419135686,0,821.777146863062,1,-722.303808681277,0,722.303808681277,0
249,267,0.0001872566927381,0.0116856833242015,0,960.929478601241,1,-188.000534197945,0,188.000534197945,0
256,267,0.0031818503436377,0.0099494555086774,0,1365.59359201626,1,193.955363292764,0,-193.955363292764,0
264,267,0.0594149569948261,0.685642699207597,0,56.1134264847608,1,-5.93479531528424,0,5.93479531528424,0
262,268,0.023655889387556,0.215403652416244,0,11.3259549352672,1,-4.63667615224383,0,4.63667615224383,0
252,269,0.0004521975132402,0.158679629127942,0,14.947504424408,1,2.77223018424889,0,-2.77223018424889,0
262,271,0.0600603926775942,0.213092973321968,0,9.87279422117642,1,4.63667615224383,0,-4.63667615224383,0
263,271,0.0623461533441885,0.0796703786272702,0,1176.76530690134,1,-35.9261039655865,0,35.9261039655865,0
269,271,0.0033505290985922,0.0666593965391259,0,2411.97287083532,1,31.2894278133426,0,-31.2894278133426,0
261,272,0.0565627129140855,0.31513192372792,0,17.4071305566654,1,-5.57570041634033,0,5.57570041634033,0
264,273,6.70370851936951e-06,0.0732974560092861,0,26.2484688533917,1,-2.75069689287281,0,2.75069689287281,0
270,273,0.0105831037227752,0.136453978635936,0,15.1762003413554,1,1.12195323773782,0,-1.12195323773782,0
249,275,0.000118031481483,0.0031929110069337,0,3940.29815254681,1,-627.046776912697,0,627.046776912697,0
260,275,5.67622728066726e-07,0.0011150448027588,0,1211.72727057871,1,1065.24662841219,0,-1065.24662841219,0
269,275,0.0049959848774286,0.0812854288857818,0,850.978113268755,1,-28.5171976290927,0,28.5171976290927,0
272,275,0.004540822818176,0.0219251829466738,0,226.253380277476,1,-44.2213982546886,0,44.2213982546886,0
251,276,0.0048007700557247,0.0460107443834249,0,145.361478838956,1,14.7259061430308,0,-14.7259061430308,0
268,276,0.0040484970167468,0.0293385315917582,0,182.082241784252,1,-33.2991751210627,0,33.2991751210627,0
270,276,0.0041414875987273,0.0658289592204426,0,1862.50176601595,1,-31.5910635047529,0,31.5910635047529,0
275,276,0.0050959005499333,0.0218612834684458,0,151.350288414304,1,65.8706992627289,0,-65.8706992627289,0
270,277,0.0055715938882292,0.0423779037700864,0,652.205706162812,1,19.6945643213746,0,-19.6945643213746,0
274,277,0.0405400943527715,0.094516078585196,0,237.510340478286,1,7.59057471990131,0,-7.59057471990131,0
246,278,0.0050205682918914,0.0334097947184083,0,331.028045697003,1,85.8730204658288,0,-85.8730204658288,0
268,278,0.0231329631693749,0.0052189837696292,0,234.316860177965,1,36.5526567895358,0,-36.5526567895358,0
274,279,0.0223471803106633,0.508488982557567,0,18.1851752270382,1,-0.111727932258199,0,0.111727932258199,0
273,280,0.0344031048270227,0.0913180010464095,0,18.1851752270382,1,-1.62874365513496,0,1.62874365513496,0
274,280,0.118141668510565,0.0426407754605323,0,128.575942541298,1,-2.64586244796543,0,2.64586244796543,0
279,280,0.102072087187103,0.50129992396603,0,18.1851752270382,1,-0.111727932258197,0,0.111727932258197,0
280,281,0.204651653922427,0.482493294845834,0,3.46901938873818,1,-2.02026841868007,0,2.02026841868007,0
255,282,0.0114394598136335,0.102585243838194,0,225.993542311892,1,13.1634587741689,0,-13.1634587741689,0
268,282,0.0275252430694009,0.100640357384299,0,46.686809733275,1,-7.89015782071699,0,7.89015782071699,0
272,282,0.0002564215486791,0.0169057984943535,0,264.638953315308,1,38.6456978383483,0,-38.6456978383483,0
274,282,0.319458824847625,0.416700962829481,0,22.279076553266,1,-4.83298433967766,0,4.83298433967766,0
278,282,0.0317938980797857,0.210622343149337,0,33.803584282324,1,-4.67583833078251,0,4.67583833078251,0
275,283,0.0010946249901103,0.0029329874580541,0,862.1931853308,1,410.789191488823,0,-410.789191488823,0
283,284,0.0909446258068412,0.118637675833017,0,3480.05767858839,1,18.7338549254676,0,-18.7338549254676,0
275,285,0.0009778409708029,0.0090844545989209,0,325.565481196736,1,218.272598471717,0,-218.272598471717,0
280,285,0.0279482146368075,0.0159983651465515,0,291.933702498705,1,-96.3285125223107,0,96.3285125223107,0
284,285,0.0065911508654627,0.011845535862115,0,657.217219719086,1,-121.944085949406,0,121.944085949406,0
277,286,0.0159687754336784,0.0262930534698638,0,1047.98794249396,1,27.285139041276,0,-27.285139041276,0
284,286,0.0100333155563507,0.0414685450290663,0,4228.14861602465,1,39.6509758405591,0,-39.6509758405591,0
280,287,0.0048755358381396,0.0080209511356853,0,463.910070659213,1,234.308458123721,0,-234.308458123721,0
284,287,0.0040202472926779,0.0712782061231716,0,1772.14205954316,1,27.722111355372,0,-27.722111355372,0
278,288,0.265084215579766,0.138320509845917,0,56.4362167386403,1,-3.16646207840336,0,3.16646207840336,0
283,288,0.0324888747711098,0.304727621273316,0,47.6163638582114,1,3.16646207840336,0,-3.16646207840336,0
283,289,0.0006920778801327,0.0184907367368181,0,651.872281879505,1,52.7097872779605,0,-52.7097872779605,0
289,290,0.0044724607546614,0.0835917314248582,0,567.544491767158,1,-4.95178105265909,0,4.95178105265909,0
241,291,0.0140500742449572,0.0835125687405569,0,801.777322238352,1,-20.5696727629442,0,20.5696727629442,0
283,291,0.0027776526918206,0.0169637279954328,0,865.522076761924,1,81.4298559692094,0,-81.4298559692094,0
244,292,0.0011884827833466,0.0058055615922405,0,1735.47168328683,1,195.341887524019,0,-195.341887524019,0
252,292,0.0188129603042929,0.272047277751624,0,6.32981325328746,1,6.32981325328744,0,-6.32981325328744,0
241,293,0.0014846528517248,0.0028859562002503,0,2804.98228442547,1,624.885902919305,0,-624.885902919305,0
286,293,4.78901109917281e-06,0.01547392167773,0,360.05998348106,1,66.9361148818352,0,-66.9361148818352,0
243,294,0.0017824149475874,0.103182412275208,0,214.828300857043,1,-11.9449139821944,0,11.9449139821944,0
284,294,0.0240790274606688,0.0790332828975177,0,31.7342605941182,1,-10.5080159768202,0,10.5080159768202,0
289,294,0.0186369875057743,0.365984778126033,0,9.9276728120669,1,1.14052614562168,0,-1.14052614562168,0
291,294,0.181792296814995,0.0990008512184219,0,65.5989911088321,1,0.108121100597269,0,-0.108121100597269,0
291,295,0.0022023554131634,0.0206919777371143,0,721.621975040333,1,88.514733414044,0,-88.514733414044,0
293,295,0.0007419552188257,0.0100583374129357,0,669.290316030612,1,-167.987470889784,0,167.987470889784,0
283,296,0.0006096534840707,0.0133609762864942,0,626.395312407356,1,254.749231237781,0,-254.749231237781,0
250,297,0.0120426068412199,0.0456094797774745,0,7332.03241018645,1,41.8500502542457,0,-41.8500502542457,0
282,297,7.52296385715937e-05,0.0327823698088849,0,80.6905360950059,1,34.4101761213401,0,-34.4101761213401,0
290,297,0.0596756609997108,0.141695663389056,0,174.44579369138,1,6.95428023503298,0,-6.95428023503298,0
295,297,0.0065040491633264,0.0209731371290624,0,212.819732178445,1,-79.4727374757405,0,79.4727374757405,0
296,297,0.0023938063066127,0.496447581647166,0,16.6389893368976,1,-3.74176913487834,0,3.74176913487834,0
243,298,0.0008923081646757,0.0090083743560274,0,661.139970212936,1,191.329412991911,0,-191.329412991911,0
290,298,0.0011511504499108,0.0305333288204023,0,225.646390788555,1,124.042000107859,0,-124.042000107859,0
278,299,6.00761349485718e-05,0.0133679971922261,0,353.09032456945,1,130.267977664551,0,-130.267977664551,0
289,299,0.0010541547169561,0.0246495032402582,0,378.497893489032,1,88.0210138352486,0,-88.0210138352486,0
293,299,0.001463570456998,0.0080547186832483,0,240.352853349987,1,-218.288991499799,0,218.288991499799,0
242,300,0.0020083913744983,0.0034705500234852,0,3267.22631373766,1,-402.037300666192,0,402.037300666192,0
255,300,0.000668178860078,0.0118129034420789,0,1340.39039616544,1,108.65303639477,0,-108.65303639477,0
20,94,0.0302226509383674,0.214216292626288,0,58.2527470785343,1,3.66998855543014,0,-3.66998855543014,0
1,87,0.0044590631459974,0.042766201708942,0,1232.10961582606,1,17.8067511342124,0,-17.8067511342124,0
48,108,0.0006894551247319,0.0041269817533493,0,720.832562529576,1,-415.804923121933,0,415.804923121933,0
37,80,0.0259475782735392,0.0786282232882985,0,6.40608242172492,1,-6.40608242172476,0,6.40608242172476,0
113,132,0.0001552476323531,0.0010075710094753,0,2680.47391934945,1,-614.05552753091,0,614.05552753091,0
70,145,0.0193843353722282,0.12296325719253,0,9.21189505838945,1,3.52769261533974,0,-3.52769261533974,0
63,166,0.001158905688624,0.0119522760930544,0,1379.97564635359,1,-359.987208316039,0,359.987208316039,0
82,169,0.0024188653713044,0.008156964641946,0,158.263704113565,1,-158.263704113563,0,158.263704113563,0
152,233,0.0004400720657732,0.0076783595321107,0,556.641289623395,1,-36.3548369245058,0,36.3548369245058,0
153,225,0.0003837094848575,0.002165057277986,0,5578.70311558655,1,574.854699190237,0,-574.854699190237,0
147,197,0.0010055658514567,0.0026052956695724,0,1740.26418499813,1,396.428754189183,0,-396.428754189183,0
121,214,0.0004916362607079,0.0031869476286393,0,1040.7352619245,1,439.944871715716,0,-439.944871715716,0
202,267,0.150674211866842,0.670635700953369,0,77.9377804652518,1,-0.0200337795351273,0,0.0200337795351273,0
229,254,0.0011744846841363,0.171351729088108,0,119.834225207389,1,5.44223028880785,0,-5.44223028880785,0
190,284,0.0081358496706298,0.0308929977230647,0,1656.75205002622,1,73.6802997309218,0,-73.6802997309218,0
213,281,0.171400466107554,0.520889307284728,0,3.73557105431561,1,2.02026841868007,0,-2.02026841868007,0
280,35,0.000337295230517,0.005476165142252,0,2141.50716318366,1,-322.789055882894,0,322.789055882894,0
244,31,0.0010103958874755,0.0118742639260323,0,2070.72466882729,1,-195.341887524018,0,195.341887524018,0
275,28,5.76750611230561e-05,0.004513162955515,0,588.213567960256,1,-191.296802755808,0,191.296802755808,0
264,23,0.0035449357813565,0.0123636250598988,0,268.353287796862,1,-108.867453290445,0,108.867453290445,0
