from_bus,to_bus,resistance,reactance,susceptance,line_rating,line_status,P_from,Q_from,P_to,Q_to
1,2,0.0132338165113659,0.0162722008635057,0,211.515607642139,1,211.515607642139,0,-211.515607642139,0
2,3,0.0001585348915566,0.0010034152569323,0,1474.3983529579,1,892.025257544915,0,-892.025257544915,0
1,6,0.0032608208740388,0.0070004135209157,0,1008.02814096543,1,-119.142395003309,0,119.142395003309,0
4,6,0.0020867340329797,0.0304381674162009,0,930.624210326,1,119.142395003308,0,-119.142395003308,0
5,9,0.100702643181531,0.279623445166116,0,3.14920017355815,1,0.191566606971905,0,-0.191566606971905,0
7,9,0.0038945368699641,0.0665825216353421,0,263.872458627237,1,-11.5773333094563,0,11.5773333094563,0
1,11,0.0001323046151813,0.0020978240266466,0,1663.67235007006,1,-629.65462555929,0,629.65462555929,0
4,11,0.0176160895756958,0.0718744652778572,0,370.358985249287,1,43.6819611004891,0,-43.6819611004891,0
10,11,0.0002152151279383,0.0042340090903016,0,2733.56872117399,1,303.662470575698,0,-303.662470575698,0
7,13,0.0139020527839087,0.0644953544498481,0,1215.43190012062,1,12.3810197088345,0,-12.3810197088345,0
9,13,0.0011211252519935,0.0181981068756011,0,599.095293995525,1,86.2378878669178,0,-86.2378878669178,0
10,13,0.0078112606967623,0.0130315718400895,0,1600.86808382432,1,-98.6189075757521,0,98.6189075757521,0
4,14,0.0001213820017912,0.002061890606077,0,2056.60748176983,1,-524.037414498949,0,524.037414498949,0
10,15,0.0010884147442882,0.421472631244958,0,15.2043413629844,1,0.0,0,0.0,0
10,17,0.0012024608287137,0.0089029226972806,0,767.622061552963,1,-219.330600640688,0,219.330600640688,0
9,19,0.0005921373858867,0.0475553499089472,0,6093.20554744686,1,-69.4198392609148,0,69.4198392609148,0
12,19,0.0094246586103479,0.279833391408106,0,1642.27162019824,1,-20.5650493602553,0,20.5650493602553,0
14,20,4.84293224650695e-05,0.0014880851674628,0,6543.96372701899,1,-853.521114946624,0,853.521114946624,0
16,20,0.0042510046744208,0.0189758393167925,0,278.336436774792,1,-63.3120073722187,0,63.3120073722187,0
14,21,0.0409495387931669,0.0791603921421212,0,2.75585886792183,1,-0.422118360043644,0,0.422118360043644,0
16,21,0.0273561061534309,0.0836224646436408,0,2.4894212773208,1,0.422118360043577,0,-0.422118360043577,0
14,22,0.0004774520376348,0.0010953285475742,0,2068.24977546357,1,-367.380224240986,0,367.380224240986,0
16,22,0.0231681421164089,0.0121029451872066,0,1850.37935161648,1,-27.5708440973929,0,27.5708440973929,0
18,22,0.217541762368596,0.231219270800088,0,2.91250489745836,1,2.91250489745825,0,-2.91250489745825,0
18,23,5.90728875573249e-05,0.0002832768851264,0,6114.50124462478,1,-1125.82788743481,0,1125.82788743481,0
18,24,0.0040177027120174,0.0011069274216732,0,345.738919936891,1,139.180692701942,0,-139.180692701942,0
16,25,0.0002485918558642,0.0147022435869561,0,233.864371333954,1,63.127275798926,0,-63.127275798926,0
18,25,0.002720487466874,0.0179482845856488,0,223.907309147752,1,107.822463478872,0,-107.822463478872,0
17,26,0.0002578707648933,0.0090532831803642,0,760.996751559157,1,-219.330600640688,0,219.330600640688,0
18,26,7.52687272647913e-06,0.0001034429853924,0,2710.85311232325,1,695.065432865908,0,-695.065432865908,0
25,26,0.0344344297296989,0.0215561454700642,0,149.68222112237,1,-86.4407144780786,0,86.4407144780786,0
25,28,0.0104630042696434,0.0308764111243631,0,174.210206553802,1,97.7630043421643,0,-97.7630043421643,0
27,28,0.0065954020893158,0.0320967699336151,0,158.225113447702,1,-97.7630043421642,0,97.7630043421642,0
27,30,0.0135523097289427,0.0430716606305809,0,1900.19389777924,1,-53.0292197356284,0,53.0292197356284,0
29,30,0.045713061020385,0.0956571701422875,0,1876.61058026206,1,53.0292197356286,0,-53.0292197356286,0
12,34,0.0020404232212097,0.283335748478507,0,554.66922937366,1,20.5650493602553,0,-20.5650493602553,0
24,35,0.0058717989801854,0.0571392081212081,0,2439.97244092666,1,-49.95556924609,0,49.95556924609,0
31,35,0.0007735131445363,0.0109793760463643,0,460.520678183511,1,-451.802227335832,0,451.802227335832,0
33,35,0.0012442986506891,0.0065599184148291,0,3111.76958485571,1,1942.36156242194,0,-1942.36156242194,0
27,36,0.0024617779522621,0.0066633727505856,0,361.736187546237,1,-51.0747352565893,0,51.0747352565893,0
14,37,0.0436788738634126,0.136511291575664,0,512.713887629915,1,45.6597041716761,0,-45.6597041716761,0
36,37,0.0048650752133307,0.0096901884467803,0,1029.7745119889,1,-45.6597041716776,0,45.6597041716776,0
29,38,0.508340920343849,0.310587427284878,0,7.84376319848325,1,0.0900398219059406,0,-0.0900398219059406,0
31,39,0.0039894870709105,0.0459890590998768,0,1009.81765741212,1,-20.0502803346545,0,20.0502803346545,0
32,39,0.0134397574232255,0.0447497430040705,0,1299.73515815838,1,20.0502803346544,0,-20.0502803346544,0
31,40,0.0166780190721132,0.854951527612086,0,47.2343635830628,1,5.4150310849105,0,-5.4150310849105,0
36,40,0.147042923650957,0.205646080418611,0,28.1418976209376,1,-4.18976487944633,0,4.18976487944633,0
19,42,0.0437057578839516,0.0367071157453445,0,342.161570911792,1,35.7851857121435,0,-35.7851857121435,0
32,42,0.0133956723779135,0.0416757981480576,0,2620.72482889294,1,-30.540598020358,0,30.540598020358,0
36,43,0.101655597876512,0.566910736268213,0,6.10121088452594,1,-1.2252662054642,0,1.2252662054642,0
40,43,0.0278832376379775,0.136290512155407,0,5.16109246389258,1,1.22526620546415,0,-1.22526620546415,0
9,44,0.0020359293279865,0.0224680964057195,0,219.056324637534,1,-28.2038153084872,0,28.2038153084872,0
24,44,0.0003585330234789,0.0043397245567613,0,581.060337301701,1,84.7911919997067,0,-84.7911919997067,0
34,44,0.0001383804352708,0.0669366967087957,0,393.485910354339,1,-133.170635733716,0,133.170635733716,0
44,46,0.0138697358078074,0.0155085196381924,0,107.290087967195,1,-65.5217513002908,0,65.5217513002908,0
38,48,0.174757581046338,1.44698933146315,0,7.83286651741583,1,0.0900398219059462,0,-0.0900398219059462,0
14,49,0.0023203472585721,0.0255482473084184,0,146.791563892778,1,-10.8749263702027,0,10.8749263702027,0
24,49,0.0901273291135966,0.229473497149772,0,124.92070803275,1,2.80612393295708,0,-2.80612393295708,0
35,49,0.0008577940155764,0.009174924850642,0,1408.88363353199,1,381.294974863175,0,-381.294974863175,0
48,49,5.26141837402694e-05,0.0002580003593141,0,2842.98444198209,1,-369.192828570522,0,369.192828570522,0
48,50,0.0006137042319496,0.00567085736984,0,3149.07163374497,1,377.893917577386,0,-377.893917577386,0
45,51,0.0046842284307165,0.0570182496744898,0,1110.60578986631,1,-21.5698559230334,0,21.5698559230334,0
41,52,0.0026426032200525,0.0022649353759115,0,4613.0200559583,1,-407.72885159402,0,407.72885159402,0
50,52,0.0010358374739126,0.0011829990400016,0,2723.20116762389,1,659.68477002647,0,-659.68477002647,0
2,53,0.0021837966328471,0.0069038308815359,0,1914.27075015245,1,-680.509649902772,0,680.509649902772,0
45,53,0.0001218057762985,0.0004192135486248,0,5197.70573860187,1,866.118775529606,0,-866.118775529606,0
47,53,0.0014941721011216,0.0005764977197922,0,1505.68385543672,1,-570.225113492143,0,570.225113492143,0
52,53,0.001124731135199,0.0034806731737246,0,692.444870473007,1,443.570921319724,0,-443.570921319724,0
32,54,0.0031859520554096,0.0133315704544969,0,303.299361303049,1,-209.676398143201,0,209.676398143201,0
35,54,6.09392880021313e-05,0.0003331542612777,0,1365.37535842455,1,1038.11506799444,0,-1038.11506799444,0
42,54,0.0487992194267828,0.121535420792906,0,778.675114081921,1,-12.5273098668753,0,12.5273098668753,0
45,54,1.66030034690851e-05,0.0061264265603267,0,2508.0257465767,1,-1200.04340702509,0,1200.04340702509,0
48,54,0.504373570747562,1.03947487627651,0,23.2450282424946,1,-3.12441622038933,0,3.12441622038933,0
5,55,0.0085326796177217,0.606761440544481,0,3.42730323757335,1,-0.19156660697191,0,0.19156660697191,0
46,55,0.000838434958846,0.0033412400835907,0,679.332359855122,1,442.958190993621,0,-442.958190993621,0
50,55,0.0013517318293559,0.006821028705997,0,1336.89238204296,1,-300.586734962121,0,300.586734962121,0
50,56,0.0062481303726854,0.098772646044418,0,330.301921725562,1,-10.86952744794,0,10.86952744794,0
51,56,0.0048468320810585,0.0133044223765696,0,363.986578715861,1,-135.667647676943,0,135.667647676943,0
55,56,3.23562938155685e-05,0.0066651944102287,0,582.965833344905,1,146.537175124883,0,-146.537175124883,0
8,57,0.232288703348987,0.212040559898563,0,49.7595511304219,1,-5.89502707451985,0,5.89502707451985,0
48,57,0.0006495621149652,0.0856545480954968,0,111.795649858977,1,-5.48663296455369,0,5.48663296455369,0
50,58,0.0392609187919471,0.0352206502703895,0,842.156994071112,1,29.6654099609776,0,-29.6654099609776,0
8,59,0.0108331261514151,0.0894242412766958,0,53.2713414033834,1,5.89502707451985,0,-5.89502707451985,0
24,59,0.0002161700696213,0.0190436172906384,0,147.732949291123,1,107.457056153029,0,-107.457056153029,0
42,59,0.0222645830307929,0.170630534856539,0,168.842780142508,1,17.7718975586608,0,-17.7718975586608,0
55,59,0.0399327494717172,0.138606622992233,0,51.0976934041129,1,8.76232543500719,0,-8.76232543500719,0
58,59,0.0027699243821621,0.0395930543718053,0,248.324162609934,1,-47.4989734668156,0,47.4989734668156,0
44,60,0.0172196417700107,0.183133269067921,0,147.08108463562,1,-11.061507742204,0,11.061507742204,0
57,60,0.007108276610293,0.169306369767711,0,194.239646822801,1,-11.3816600390736,0,11.3816600390736,0
64,66,0.0001448602011726,0.0021057889162137,0,1419.05670509361,1,-563.104900409988,0,563.104900409988,0
62,68,0.136836720030421,0.621610558525555,0,15.2043413629844,1,-0.0634229763265076,0,0.0634229763265076,0
62,70,0.0837911169555565,0.476212993206461,0,15.2043413629844,1,-0.210919964642126,0,0.210919964642126,0
65,71,0.0013192215250246,0.082491209087802,0,69.5739115846618,1,-5.13629166505578,0,5.13629166505578,0
67,71,0.0007896376968287,0.0031559544448953,0,493.577781874739,1,-427.761738713207,0,427.761738713207,0
63,72,0.127680545135038,0.833926653111456,0,7.54379017519917,1,1.13447151231165,0,-1.13447151231165,0
63,73,0.439768335301274,0.53758400082001,0,29.0477626362242,1,-1.93815791168991,0,1.93815791168991,0
69,74,0.0114103370955804,0.179858105822009,0,210.618962629227,1,5.58391852570324,0,-5.58391852570324,0
75,76,0.0178001493963535,0.0226451451955331,0,448.919078429284,1,90.7404396757972,0,-90.7404396757972,0
69,77,0.0020386091108581,0.0253623404912752,0,53.1501223207758,1,-24.9291072635923,0,24.9291072635923,0
74,77,0.0003052808503725,0.0055512874800952,0,770.518419712191,1,-294.80972144359,0,294.80972144359,0
68,78,0.555501899345918,0.340875728243787,0,15.2043413629844,1,-0.0634229763265104,0,0.0634229763265104,0
70,78,0.125867512031796,0.621211507104922,0,15.2043413629844,1,0.0634229763265048,0,-0.0634229763265048,0
69,79,0.0081450749999013,0.0065043180549161,0,2015.99610646204,1,-200.508271559009,0,200.508271559009,0
77,79,0.0023732195162638,0.101687798360207,0,329.149553229792,1,-6.60756821500312,0,6.60756821500312,0
73,80,0.0170156794888394,0.137370000747468,0,46.1409726798355,1,-2.19609422007589,0,2.19609422007589,0
75,80,0.0058283581184056,0.0067235557951814,0,1994.2876671677,1,366.294723988688,0,-366.294723988688,0
76,80,0.0735448768228919,0.0761066148209809,0,172.852803252677,1,5.36054038946836,0,-5.36054038946836,0
77,80,0.0006906976078975,0.0053906300919906,0,2047.62045703879,1,-369.459170158081,0,369.459170158081,0
70,81,0.0802405321222302,1.19876791868886,0,15.2043413629844,1,-0.274342940968642,0,0.274342940968642,0
79,81,0.0029756892010486,0.0093269158228419,0,270.475533092061,1,-207.115839774013,0,207.115839774013,0
74,82,0.0012802854276099,0.0213184221810913,0,89.6648891730532,1,-45.4262958396733,0,45.4262958396733,0
77,82,0.0154956277335459,0.0147085856435453,0,106.698196487779,1,45.4262958396729,0,-45.4262958396729,0
73,83,0.363741292659161,1.21174348899718,0,15.2043413629844,1,0.257936308385998,0,-0.257936308385998,0
76,83,0.0211925704462799,0.100290210442219,0,266.289545562158,1,10.1924473491712,0,-10.1924473491712,0
81,85,0.0539264026287759,1.83929984311274,0,15.2043413629844,1,0.0,0,0.0,0
84,88,0.782703950769671,1.59127257607956,0,18.5478544828649,1,1.27424287668156,0,-1.27424287668156,0
86,88,0.165517840472983,0.392817580387826,0,13.7411308404579,1,-1.27424287668155,0,1.27424287668155,0
86,89,0.247217701854283,0.0376639085904501,0,15.9530998733059,1,1.27424287668161,0,-1.27424287668161,0
69,90,0.0143871007717239,0.0023610247466968,0,253.788180100316,1,-111.611416141574,0,111.611416141574,0
84,90,0.0014155536549974,0.239917194596257,0,17.1936727697765,1,-1.27424287668155,0,1.27424287668155,0
87,90,0.0054819386818606,0.0144144947763402,0,299.792131183146,1,113.066337760589,0,-113.066337760589,0
87,92,0.0248399149052826,0.0945583064421096,0,1277.73727994661,1,29.2680618398232,0,-29.2680618398232,0
89,92,0.0038146947585223,0.0080730208424472,0,415.245510748586,1,-216.049766334337,0,216.049766334337,0
87,93,0.015267852661997,0.0377140100157645,0,37.8863120014594,1,37.8863120014593,0,-37.8863120014593,0
91,94,0.0503481907700809,0.457061783634279,0,8.27182537734659,1,-0.0438333448699091,0,0.0438333448699091,0
92,95,0.0014780168106297,0.0122578131300413,0,680.583660709513,1,-133.538844525457,0,133.538844525457,0
77,96,0.0091297616282733,0.0560461943414957,0,1078.44363558777,1,10.9016138262281,0,-10.9016138262281,0
89,96,0.0053100044376344,0.0233273233332595,0,1070.94979781043,1,-113.157762602963,0,113.157762602963,0
91,96,0.0042598426609268,0.45119120867456,0,18.2520313721217,1,0.224512087202694,0,-0.224512087202694,0
92,96,0.0035949694072915,0.66483874022384,0,2.65287997491833,1,-1.34693331646572,0,1.34693331646572,0
95,97,0.0084270432424912,0.0622317699204128,0,38.4148496300496,1,21.4793467375497,0,-21.4793467375497,0
90,98,0.0072865410423647,0.26663030651832,0,3.39337795474429,1,0.180678742332763,0,-0.180678742332763,0
91,98,0.105731718302997,0.513499631819777,0,3.34419081728627,1,-0.180678742332768,0,0.180678742332768,0
95,99,0.0011391053672967,0.0080259078694383,0,370.479676265179,1,-236.984960552629,0,236.984960552629,0
93,100,0.783463911194618,1.07940567843213,0,21.7480273581436,1,2.54413956121247,0,-2.54413956121247,0
100,101,0.0002326406651791,0.0149924171591968,0,933.973120479209,1,164.592872151927,0,-164.592872151927,0
94,102,0.31822822207782,0.328007095574826,0,6.61593444881733,1,-0.0438333448699035,0,0.0438333448699035,0
95,102,0.059526636436512,0.107405932463488,0,15.2043413629844,1,5.63926650699642,0,-5.63926650699642,0
97,102,0.0575088427363881,0.130643520427663,0,12.7054827593119,1,-5.59543316212652,0,5.59543316212652,0
95,103,0.0009544085103505,0.003663072974678,0,1234.37006089127,1,582.644735178837,0,-582.644735178837,0
76,104,0.0321685137665419,0.128512106688837,0,6.29718134014288,1,1.82558928714522,0,-1.82558928714522,0
99,104,0.0600867117240697,0.0726087371108689,0,4.8447971890454,1,-1.82558928714522,0,1.82558928714522,0
76,105,6.34485383637424e-05,0.0424705108709902,0,646.012069714962,1,97.9292163451347,0,-97.9292163451347,0
95,105,0.0139043693489562,0.0649753719199191,0,1694.30261370396,1,29.0867181491881,0,-29.0867181491881,0
100,105,0.0269685863661792,0.0099295508344542,0,1434.08672033265,1,-116.262957945584,0,116.262957945584,0
101,106,0.0340456445676159,0.0632781547378297,0,597.37396867375,1,-18.8627758338636,0,18.8627758338636,0
66,107,0.0672742983287692,0.0203294945950902,0,1091.11955012681,1,-259.725319770823,0,259.725319770823,0
72,107,0.665055826868872,0.301016696497375,0,7.83942695684423,1,1.13447151231165,0,-1.13447151231165,0
97,107,0.0003799637023441,0.0037666109982534,0,1447.17525638544,1,-150.466202180709,0,150.466202180709,0
100,107,0.0331708133259297,0.0496750177576663,0,328.607848456405,1,-45.7857746451305,0,45.7857746451305,0
105,107,0.0382763513921864,0.0710096422079403,0,1846.12697245408,1,-15.7720864749751,0,15.7720864749751,0
69,108,0.0004515461713976,0.0105969715850186,0,855.554825179729,1,327.224566483447,0,-327.224566483447,0
103,108,0.0013845605565342,0.0037345474094748,0,813.745762781917,1,561.242451036375,0,-561.242451036375,0
99,109,0.0063964629730364,0.132673863203257,0,15.2043413629844,1,-0.274342940968686,0,0.274342940968686,0
95,110,0.0005916218430278,0.0113603559045597,0,1335.54890541686,1,127.097314701845,0,-127.097314701845,0
101,111,0.0041001185446721,0.0369272794332637,0,334.301987188795,1,-69.4589008411622,0,69.4589008411622,0
105,111,0.001450482275311,0.0398549745341838,0,1499.9401458307,1,26.5250630237144,0,-26.5250630237144,0
106,111,0.0033426340523068,0.072700147876796,0,987.638584119588,1,-18.8627758338636,0,18.8627758338636,0
108,111,3.79187861156176e-05,0.001536711511289,0,3954.42826517314,1,-835.017291436642,0,835.017291436642,0
110,111,0.0083850996285468,0.0561373475056746,0,84935.3109170787,1,26.7772771294971,0,-26.7772771294971,0
61,112,0.681513359379888,0.922128000816977,0,15.2043413629844,1,2.47477042199745,0,-2.47477042199745,0
62,113,0.335088362020432,0.0551451150845556,0,15.2043413629844,1,0.274342940968664,0,-0.274342940968664,0
109,113,0.135134280067366,0.329484210554672,0,15.2043413629844,1,-0.274342940968675,0,0.274342940968675,0
108,115,1.45476406354741e-05,0.0001073398646464,0,3492.4879158901,1,1704.87394146955,0,-1704.87394146955,0
64,116,0.0025636101303041,0.0040279207661037,0,1391.51085540702,1,355.854423484309,0,-355.854423484309,0
112,116,0.0004138271170287,0.0043070850355093,0,559.288411716725,1,236.623574931066,0,-236.623574931066,0
67,117,1.36516698267469e-05,0.0033200255898438,0,428.19838085719,1,427.761738713207,0,-427.761738713207,0
114,117,0.0009542485817642,0.0101321424632466,0,217.474314679258,1,-200.114254813754,0,200.114254813754,0
115,117,0.0006610183401312,0.0009812334467619,0,905.77198410023,1,-710.10345633124,0,710.10345633124,0
65,118,0.0065325429344536,0.0840637602568008,0,109.336543463637,1,5.13629166505583,0,-5.13629166505583,0
93,118,0.014387434323273,0.0425434580499335,0,5392.0016587102,1,35.3421724402469,0,-35.3421724402469,0
64,119,0.0075578807291749,0.534006147519579,0,15.2043413629844,1,-7.91567244004873,0,7.91567244004873,0
117,119,0.0015075819750856,0.0019737073426186,0,644.394230602471,1,-358.555433111015,0,358.555433111015,0
118,119,0.0021770580591638,0.09968053504169,0,261.571063178472,1,12.1088644552513,0,-12.1088644552513,0
61,120,0.271041778698894,1.04823880442669,0,15.2043413629844,1,-2.47477042199745,0,2.47477042199745,0
69,120,0.0509643581939323,0.198524188697577,0,190.689754435818,1,10.1304402714755,0,-10.1304402714755,0
110,120,0.0005456871910867,0.013256912882336,0,552.209865062616,1,100.320037572348,0,-100.320037572348,0
112,120,0.0626755062873218,0.151051015321966,0,32.2818451746847,1,-32.2818451746848,0,32.2818451746848,0
117,120,0.0027264615872502,0.0076083258246662,0,291.093387223091,1,-123.900539320775,0,123.900539320775,0
118,120,0.0006983262136343,0.0342629405314032,0,1853.8672917125,1,28.3695996500514,0,-28.3695996500514,0
122,123,0.002624421511731,0.0322969148996137,0,384.414070266518,1,-236.567295381282,0,236.567295381282,0
123,124,0.0043820723003265,0.0216475132880695,0,358.863507047037,1,-77.3990612641997,0,77.3990612641997,0
121,128,0.441006886238566,1.69469082626988,0,15.2043413629844,1,0.248342692042068,0,-0.248342692042068,0
128,130,0.206242196664764,1.1884646852176,0,15.2043413629844,1,0.133370713291167,0,-0.133370713291167,0
126,131,0.138771573271511,1.5295488495012,0,15.2043413629844,1,-2.77555756156289e-15,0,2.77555756156289e-15,0
129,131,0.254537593696372,1.16412894636641,0,15.2043413629844,1,0.0,0,0.0,0
124,132,0.0076753828364676,0.0209753163806867,0,357.897683665725,1,-77.3990612641995,0,77.3990612641995,0
126,132,0.0080160591866005,0.0218645931033067,0,388.825420672425,1,77.3990612641995,0,-77.3990612641995,0
126,133,0.0031341157656931,0.0385429357964312,0,159.084471930031,1,-59.8085831520423,0,59.8085831520423,0
128,137,0.705826849909413,1.10322571298863,0,15.2043413629844,1,0.1149719787509,0,-0.1149719787509,0
130,137,0.328190609793739,0.275426585692351,0,15.2043413629844,1,-0.1149719787509,0,0.1149719787509,0
134,139,0.0002641653231099,0.0033710507792288,0,4531.28326847413,1,413.071704522825,0,-413.071704522825,0
136,140,0.0008170753421443,0.0016430460549685,0,1110.05425433197,1,517.100138624218,0,-517.100138624218,0
139,140,0.0003205865894908,0.0013445514799632,0,1743.18117149155,1,619.943306813903,0,-619.943306813903,0
136,142,0.0079596330401181,0.224045126442818,0,41.6328719155151,1,2.4371690301229,0,-2.4371690301229,0
138,142,0.0002206832356388,0.0214476431237404,0,2514.42045781668,1,-105.248503540952,0,105.248503540952,0
133,143,0.0884464475042515,0.377559616523416,0,15.2043413629844,1,-0.308367315035496,0,0.308367315035496,0
133,144,0.0010979044736238,0.0237090514695165,0,427.466889075537,1,-78.8438537190142,0,78.8438537190142,0
134,144,0.0213589768284914,0.394325876907174,0,3.44234186735551,1,-0.930069245724147,0,0.930069245724147,0
135,144,3.32788099097542e-05,0.0004282028862548,0,2047.78664555011,1,1047.54409558606,0,-1047.54409558606,0
139,144,0.0026352569824572,0.0051143625575209,0,1342.26798179365,1,-343.979536555647,0,343.979536555647,0
141,144,4.61702927303361e-05,0.0042455100240173,0,2134.26349602382,1,-315.566711175089,0,315.566711175089,0
138,145,0.0026858953849626,0.0120143501284686,0,228.349706482523,1,202.136672724485,0,-202.136672724485,0
121,146,0.0048686263174943,0.0346234867954075,0,243.106304432069,1,-63.4776328917349,0,63.4776328917349,0
142,147,0.0537698137285031,0.0302686237713776,0,820.343919360725,1,-19.0288859925484,0,19.0288859925484,0
143,147,0.0079603508607757,0.128631913692115,0,15.2043413629844,1,-0.308367315035496,0,0.308367315035496,0
133,148,0.0071200591529796,0.0464847364420496,0,3086.06152937077,1,19.3436378820075,0,-19.3436378820075,0
138,148,0.0016303268706691,0.0183514015931195,0,964.744319987524,1,-96.888169183533,0,96.888169183533,0
139,148,0.010057802578645,0.09767722458229,0,286.132462355677,1,10.3326116877001,0,-10.3326116877001,0
127,151,0.0271571805418626,0.213850726514443,0,7.2382964573526,1,-1.64160910971165,0,1.64160910971165,0
149,151,0.0001123597720939,0.0051511529033016,0,1226.69047343381,1,-322.127489681573,0,322.127489681573,0
146,152,0.0008585558125308,0.0215831524017079,0,467.900162213347,1,-70.6159772874232,0,70.6159772874232,0
151,152,0.0008456883950472,2.75118830802267e-05,0,1748.58054489531,1,-362.354729827075,0,362.354729827075,0
127,153,0.025310803855067,0.211765478142666,0,8.73239476940463,1,1.64160910971166,0,-1.64160910971166,0
142,154,0.0173006969472829,0.0238158408914517,0,720.246879708528,1,-83.7824485182813,0,83.7824485182813,0
144,154,0.0093967466310062,0.0017676939329591,0,745.030282942633,1,166.23284428556,0,-166.23284428556,0
147,154,0.0511514690365155,0.0956115632670727,0,488.596017706529,1,-14.8451842435208,0,14.8451842435208,0
147,155,0.0022766825023427,0.0201938769835015,0,873.305694941455,1,-92.7320907861493,0,92.7320907861493,0
154,155,0.0084998748012233,0.0019658368778428,0,402.440047941177,1,-230.562955836402,0,230.562955836402,0
148,156,0.0303859312144604,0.023539792974977,0,356.753916161968,1,-67.2119196138256,0,67.2119196138256,0
154,156,0.0133482089269628,0.502944331100239,0,17.9411086008743,1,1.77453721217996,0,-1.77453721217996,0
155,156,0.0034456959812681,0.0205653487815266,0,239.760708204728,1,65.4373824016456,0,-65.4373824016456,0
154,158,0.0014070911464892,0.0057353145359104,0,823.0168194263,1,294.910220018676,0,-294.910220018676,0
154,160,0.102378625921096,0.507720314433598,0,6.04625121209563,1,1.48341012929918,0,-1.48341012929918,0
153,161,4.94431542249043e-06,0.0015748835776625,0,1608.39204666993,1,568.667928260497,0,-568.667928260497,0
141,162,0.0094299078648426,0.0156813149466542,0,951.224515553989,1,147.659128381134,0,-147.659128381134,0
150,162,0.0013741039546026,0.006037678823012,0,984.238409734342,1,-291.387574748665,0,291.387574748665,0
157,163,0.0665201470138775,0.133747600924731,0,48.6608278561945,1,0.578945322283997,0,-0.578945322283997,0
162,163,0.0047417753073065,0.153429804483633,0,53.7079611330856,1,-0.578945322283964,0,0.578945322283964,0
144,164,0.0012223849103072,0.0068770144029163,0,468.249620555791,1,100.727326275169,0,-100.727326275169,0
157,165,0.0075080080638524,0.0064571576761699,0,277.929799578672,1,208.402536382332,0,-208.402536382332,0
161,165,0.0040008661867236,0.0130070206203094,0,359.468367307119,1,183.549237223245,0,-183.549237223245,0
157,166,0.0922963459793394,0.278388085833039,0,3.71068098669382,1,-0.459510440100219,0,0.459510440100219,0
162,166,0.0054450268581197,0.0435393972726877,0,1099.62362366892,1,-6.75669085458748,0,6.75669085458748,0
162,167,0.0002895260864548,0.0165707194838485,0,1052.62637476892,1,-136.392810190659,0,136.392810190659,0
164,167,0.0191398603817309,0.0550609005380679,0,13409.3250175733,1,12.7567957429721,0,-12.7567957429721,0
159,168,0.0564645099193825,0.232676532431819,0,15.2043413629844,1,1.4467935647246,0,-1.4467935647246,0
160,169,0.0480261439531382,0.480964928103601,0,7.16581383759022,1,1.48341012929918,0,-1.48341012929918,0
161,169,0.0809957260058443,0.462957434158742,0,6.18198587519884,1,-1.48341012929918,0,1.48341012929918,0
161,170,0.0006262017604486,0.009683327117213,0,1464.20237951487,1,386.602101166552,0,-386.602101166552,0
146,171,0.0102543961676783,0.0531251618395656,0,523.28890104804,1,7.13834439568837,0,-7.13834439568837,0
159,171,0.0594954648820189,0.169109508873322,0,6.58604572350358,1,6.58604572350362,0,-6.58604572350362,0
166,171,0.0070477649179533,0.0447908882465291,0,1838.82194346226,1,-13.7243901191919,0,13.7243901191919,0
167,172,0.0694239408787831,0.205829412899098,0,15.2043413629844,1,1.17429306440821,0,-1.17429306440821,0
139,173,0.0024978475399227,0.0232191894199544,0,869.030058946911,1,126.77532257687,0,-126.77532257687,0
166,173,0.0397123083640284,0.206172199688381,0,18.1285268507446,1,6.50818882450426,0,-6.50818882450426,0
170,173,0.0034347108011909,0.0184907340107486,0,157.572639418254,1,-80.4710380327091,0,80.4710380327091,0
164,174,0.006783929421588,0.0162262249376136,0,153.093830093168,1,87.9705305321965,0,-87.9705305321965,0
165,174,0.0002520452546525,0.0060017861036858,0,1531.01745170472,1,-452.286372370951,0,452.286372370951,0
168,174,0.0731938391935626,0.104327169049289,0,15.2043413629844,1,1.44679356472461,0,-1.44679356472461,0
172,174,0.135482366285379,0.411587973512681,0,15.2043413629844,1,1.17429306440821,0,-1.17429306440821,0
121,175,0.0061711642950878,0.022411746651737,0,283.869042807336,1,-60.5708856672234,0,60.5708856672234,0
151,175,0.0241717697013589,0.0610191907146841,0,42.1826937832233,1,38.5856310357193,0,-38.5856310357193,0
121,177,0.0841696694536858,0.315886811110142,0,174.978518154032,1,8.62989447243991,0,-8.62989447243991,0
126,177,0.0085260231989149,0.0535902711751288,0,187.651855419399,1,58.1536677147428,0,-58.1536677147428,0
176,177,0.0071029677106696,0.0350181318776414,0,11872.7596178685,1,18.4657270177821,0,-18.4657270177821,0
176,178,0.0078320403517605,0.0257537991550092,0,574.381432890268,1,-35.8512631071193,0,35.8512631071193,0
121,179,0.0005319296233469,0.0220107318740777,0,172.455507089933,1,115.170281394476,0,-115.170281394476,0
123,179,0.0032679198161949,0.0129792407146038,0,880.231625694862,1,-159.168234117082,0,159.168234117082,0
125,179,2.81895387645177e-06,0.0067289204128908,0,981.745836543113,1,-354.362241095805,0,354.362241095805,0
176,179,3.97336947009057e-08,0.0012048362918532,0,2073.0678735286,1,378.09917042284,0,-378.09917042284,0
178,179,0.0135919878589198,0.0274242723801087,0,1999.15109970323,1,50.2785930962121,0,-50.2785930962121,0
130,180,0.0053772504762089,0.163606032950176,0,15.2043413629844,1,0.248342692042036,0,-0.248342692042036,0
170,180,0.0750321953863828,0.284013645491764,0,16.1933330163079,1,-3.54177236006301,0,3.54177236006301,0
175,180,7.49013156018176e-05,0.0132038770072117,0,698.741153351409,1,149.766630693843,0,-149.766630693843,0
178,180,0.124600565635979,0.861766019222333,0,8.05875127471971,1,-0.622126554420974,0,0.622126554420974,0
182,186,0.012504333329409,0.0120319684377433,0,343.664538587534,1,70.6289091212646,0,-70.6289091212646,0
181,187,0.0484186450155406,1.04081230448754,0,2.31273749349527,1,-0.480014273414481,0,0.480014273414481,0
189,192,8.58278362055478e-05,0.0031331169368116,0,1225.48675485958,1,-512.827303554617,0,512.827303554617,0
185,193,0.0013347907908712,0.011137646936871,0,260.630040510116,1,-225.898275779402,0,225.898275779402,0
192,193,0.0029047218704457,0.0012833207164358,0,944.390140050432,1,-512.827303554619,0,512.827303554619,0
191,194,0.0003408063390317,0.0154995659987597,0,391.131256269936,1,-137.085473491732,0,137.085473491732,0
188,195,0.0002581863000303,0.0161861990824483,0,403.633201014323,1,-130.531782524757,0,130.531782524757,0
191,195,0.0167119829905156,0.0040908915000658,0,452.602140652466,1,129.052634203503,0,-129.052634203503,0
193,196,0.0018852797914738,0.144673799331522,0,21.4170841406077,1,5.90814087929453,0,-5.90814087929453,0
195,196,0.0116264568914636,0.0285781773456669,0,137.777113269362,1,-19.1303598926574,0,19.1303598926574,0
187,197,0.0183324762585565,0.0652805614225549,0,1091.46430232523,1,-24.7361987398889,0,24.7361987398889,0
193,197,0.0063955784733543,0.0410287306553976,0,944.588242989163,1,25.1026581927702,0,-25.1026581927702,0
195,197,0.011565539555239,1.01384696463782,0,2.3161370631639,1,-0.366459452881299,0,0.366459452881299,0
190,198,0.0015269189193187,0.0727702084202824,0,339.920171452691,1,13.5004903410665,0,-13.5004903410665,0
196,198,0.0039226782235701,0.0909592652050496,0,17.3537459854409,1,-7.1609945549775,0,7.1609945549775,0
193,199,7.87627998996019e-05,0.0020728741461331,0,3297.26375912932,1,-741.138331387602,0,741.138331387602,0
198,199,0.0015574411169897,0.0146541501128887,0,256.504854831982,1,-118.715917168532,0,118.715917168532,0
193,201,0.0153707636208617,0.0118516724009226,0,840.789575348036,1,-4.39293912308667,0,4.39293912308667,0
196,201,0.0054909191754117,0.0671105840545321,0,125.521708856343,1,-13.5122779235625,0,13.5122779235625,0
199,201,0.0143963467800979,0.0288383943820814,0,104.458278436721,1,51.4669017564938,0,-51.4669017564938,0
200,201,0.0165978262013148,0.105693496625484,0,63.847803792069,1,-7.89854291080959,0,7.89854291080959,0
199,202,0.0002487067009342,0.0007568968821994,0,5506.7273748566,1,-1031.87633153796,0,1031.87633153796,0
193,203,0.0715421486006831,0.324501015859933,0,42.4596128659875,1,4.59363143227782,0,-4.59363143227782,0
198,203,0.0032851494183704,0.0711735361984711,0,681.815245395256,1,18.0859874312753,0,-18.0859874312753,0
200,203,0.0013411130180314,0.0160623485956923,0,178.405991259611,1,44.0705864971852,0,-44.0705864971852,0
195,204,0.0101027106314062,0.207486008460061,0,222.306348434303,1,18.0176710242848,0,-18.0176710242848,0
204,205,0.002296982681972,0.0681234314838005,0,1228.85512603647,1,-60.039005159449,0,60.039005159449,0
196,206,0.0345877779210684,0.183611059327934,0,49.0744564441442,1,7.45105346517716,0,-7.45105346517716,0
194,207,0.113846245187956,0.331753671500031,0,30.4382716886628,1,2.30349026130516,0,-2.30349026130516,0
200,207,0.0014982559301306,0.0249094606747678,0,278.685061187929,1,-50.9770673376285,0,50.9770673376285,0
205,208,0.0011946022959649,0.0097130810048519,0,668.069707246818,1,57.4944606624156,0,-57.4944606624156,0
204,209,0.0114211146438683,0.193301837781078,0,60.5770976536423,1,-7.45105346517715,0,7.45105346517715,0
206,209,0.0029576904853213,0.198190406108565,0,46.9178886375158,1,7.45105346517716,0,-7.45105346517716,0
205,210,0.0170593129467675,0.0337409831716172,0,221.138418641745,1,-58.8693262492884,0,58.8693262492884,0
205,211,0.156439822587548,0.253913713887464,0,3.07539138678445,1,-1.22301790370937,0,1.22301790370937,0
208,211,0.0222463532560495,0.0186497099083088,0,141.748020563397,1,-46.5953291551667,0,46.5953291551667,0
210,211,0.0008199224062208,0.0231293017597267,0,507.356203386102,1,72.4521624400205,0,-72.4521624400205,0
207,212,0.0092031953592946,0.021052089272772,0,891.096629620454,1,-90.0050464867456,0,90.0050464867456,0
184,213,0.0051851997739358,0.0049468719395974,0,523.701510371847,1,247.567886662601,0,-247.567886662601,0
194,213,0.0133841120786865,0.0107684200259026,0,354.730160894302,1,-139.388963753037,0,139.388963753037,0
207,213,0.0428368588058016,0.375971840714193,0,139.552218494621,1,-6.02489339578633,0,6.02489339578633,0
210,213,0.0014212863620092,0.0177746020145205,0,120.181144126396,1,-102.154029513778,0,102.154029513778,0
189,214,0.0026602213090353,0.0059409023935678,0,2423.44176784112,1,-197.151830120111,0,197.151830120111,0
208,215,0.0067284754876683,0.0378556790334337,0,73.7071767179675,1,-37.2287671482112,0,37.2287671482112,0
210,215,0.0009504735111185,0.0304989159472456,0,61.2227993117506,1,37.2287671482112,0,-37.2287671482112,0
208,216,0.00646504839757,0.010149822452356,0,423.551133856425,1,103.959721129012,0,-103.959721129012,0
190,217,0.062186406002262,0.280487539592068,0,6.13012745513545,1,1.2709193516346,0,-1.2709193516346,0
201,217,0.0890653747937904,0.291519987448168,0,7.6990723966139,1,-1.27091935163461,0,1.27091935163461,0
190,219,0.0009747330784814,0.0262996005531056,0,64.4078087945595,1,43.0168319756372,0,-43.0168319756372,0
214,219,0.0008813002092325,0.0172333389575459,0,91.5123918674933,1,-43.0168319756373,0,43.0168319756373,0
212,220,0.0009154289381627,0.0033607498987436,0,887.262890624585,1,665.359735712515,0,-665.359735712515,0
212,221,0.0003818819387352,0.00131839516196,0,1136.14494977725,1,-853.786760457499,0,853.786760457499,0
214,222,0.0016505272579898,0.0037046635449525,0,1326.43636147615,1,-180.116021124086,0,180.116021124086,0
190,223,0.0013547654672333,0.0152048420416907,0,200.245946872218,1,-58.7078538878065,0,58.7078538878065,0
212,223,0.0012575516857809,0.0072154801347373,0,557.006259749587,1,98.4219782582382,0,-98.4219782582382,0
223,225,0.0021354269558255,0.0128326088174036,0,3431.06184547581,1,209.042278757705,0,-209.042278757705,0
207,226,0.0260488232982704,0.0071943697093451,0,806.772034111498,1,0.811769052891265,0,-0.811769052891265,0
218,226,0.0042749684309442,0.0149984662591567,0,332.437191745223,1,5.09978947121237,0,-5.09978947121237,0
224,228,0.0002050632828678,0.000705976146858,0,1135.12531381817,1,942.982510116082,0,-942.982510116082,0
227,228,0.0006765094334925,0.0004146001123273,0,1099.25609110222,1,-942.982510116082,0,942.982510116082,0
223,229,7.93228356177208e-05,0.000472610594854,0,3567.14038832478,1,-1265.3106404556,0,1265.3106404556,0
227,229,0.0001535908761476,0.0005987661878577,0,2555.80068059867,1,1265.31064045559,0,-1265.31064045559,0
190,230,0.0080308876576402,0.0668760380057437,0,7.53923749360014,1,0.919612219467725,0,-0.919612219467725,0
218,230,0.0038536689851331,0.0313424554600267,0,361.360747183476,1,-5.09978947121259,0,5.09978947121259,0
223,230,0.0007883414158775,0.0010031818844033,0,2007.26467612522,1,951.11732133991,0,-951.11732133991,0
201,231,0.0006007621505336,0.0124883293489398,0,844.342991153792,1,290.451688997507,0,-290.451688997507,0
222,231,0.240074254236642,0.276180613150019,0,268.948714213003,1,11.4014226582493,0,-11.4014226582493,0
225,231,0.0034361869317828,0.012266980910113,0,2383.36521409915,1,209.042278757705,0,-209.042278757705,0
182,234,0.0035757771082773,0.00630188361825,0,523.686940905084,1,247.567886662601,0,-247.567886662601,0
184,234,0.00074204034664,0.0012399809900181,0,510.279145848535,1,-247.567886662602,0,247.567886662602,0
185,235,0.0056298160622546,0.0056381745733874,0,443.991611710913,1,246.936130733288,0,-246.936130733288,0
216,235,0.0013004071997032,0.0119739412531961,0,400.352833031353,1,103.959721129012,0,-103.959721129012,0
230,235,0.002737047770486,0.0052253882894315,0,1112.55237225077,1,885.251599619147,0,-885.251599619147,0
181,236,0.819090485031372,0.659209719080586,0,2.1754196334263,1,0.480014273414453,0,-0.480014273414453,0
230,236,0.0146595806028779,0.0677354330636762,0,154.906637442562,1,61.6855444690182,0,-61.6855444690182,0
233,236,0.0006911250558303,0.0295112111372523,0,239.704468739273,1,-63.9518543139031,0,63.9518543139031,0
185,237,0.0031487870139803,0.035765954998181,0,1301.52525567535,1,-21.0378549538859,0,21.0378549538859,0
232,237,0.0093168014071008,0.0149075760539475,0,286.491793797484,1,-122.070737317302,0,122.070737317302,0
236,238,0.0168931742658641,0.101146663497649,0,180.529900599859,1,-1.78629557147041,0,1.78629557147041,0
187,239,6.80435133264192e-05,0.0067707238712491,0,1421.44628941459,1,331.409515717328,0,-331.409515717328,0
231,239,0.0004078969351001,0.0025708057070084,0,739.603908225123,1,510.895390413461,0,-510.895390413461,0
235,239,0.0076394145697272,0.0759362614672111,0,292.634909892553,1,12.9103170261453,0,-12.9103170261453,0
238,239,0.0077245485880455,0.0408118273535855,0,274.527738902611,1,39.4132148490606,0,-39.4132148490606,0
181,240,0.726025354532794,1.53359634599194,0,15.2043413629844,1,2.4980018054066e-14,0,-2.4980018054066e-14,0
183,240,0.0001984066968788,0.0899857351377534,0,15.2043413629844,1,0.0,0,0.0,0
242,243,0.0165567882580636,0.004472381343031,0,688.788530329,1,-98.5208411446049,0,98.5208411446049,0
241,245,0.0260962646300185,0.0761789425732016,0,54.809188590849,1,1.86070328911352,0,-1.86070328911352,0
245,246,0.0008387914546514,0.0130481802015172,0,1478.03326843743,1,98.7232929173045,0,-98.7232929173045,0
243,250,0.005787000550451,0.0183621562066307,0,20346.8556482969,1,30.8341985249353,0,-30.8341985249353,0
249,251,0.02406813508546,0.0784680445277884,0,39.1386431363359,1,-0.284900599079485,0,0.284900599079485,0
247,253,0.0098654007986889,0.177975536329424,0,69.2324800987754,1,-9.12995769074865,0,9.12995769074865,0
249,254,0.0261467114522778,0.221991078844277,0,16.1393653151717,1,0.281037466491063,0,-0.281037466491063,0
248,255,0.0015125306668978,0.0005398710116189,0,5982.00550424182,1,-487.155764935403,0,487.155764935403,0
253,256,0.001789739566016,0.0007204233273025,0,198.156468709962,1,185.443787850295,0,-185.443787850295,0
249,257,0.0244863857822999,0.107445890729461,0,114.605814266741,1,-8.73466019728715,0,8.73466019728715,0
252,257,0.0263267706944703,0.0578150419645966,0,1920.07377193964,1,27.7247901392803,0,-27.7247901392803,0
254,257,0.000781322944026,0.0527058613372312,0,2884.09077266182,1,-18.9901299419933,0,18.9901299419933,0
248,258,0.0007990645965601,0.010002958565481,0,223.096232951975,1,-49.674061648402,0,49.674061648402,0
249,258,0.021001682197677,0.0671124675743603,0,17.0891570218774,1,8.73852332987541,0,-8.73852332987541,0
250,259,0.08316389000194,0.349364349030851,0,74.4121869831571,1,-7.21684732166236,0,7.21684732166236,0
252,259,0.047999061315057,0.502013801975007,0,51.5470957242593,1,-5.79973318936213,0,5.79973318936213,0
253,259,0.0030161464582183,0.0492203636725089,0,2201.38529465258,1,-95.5652076391087,0,95.5652076391087,0
252,261,0.0248901506107947,0.0095568177044691,0,722.77457240746,1,90.6587694344015,0,-90.6587694344015,0
255,261,0.0034796878551258,0.0213396010476167,0,193.348937999228,1,-116.935367280538,0,116.935367280538,0
260,261,0.0020512028130786,0.0595426668930285,0,1174.01040023696,1,26.2765978461369,0,-26.2765978461369,0
243,262,0.0016487779502601,0.0114634424452955,0,314.135277278988,1,-129.35503966954,0,129.35503966954,0
255,263,0.0004205551134807,0.119173376420471,0,995.623167265653,1,-16.0523891012894,0,16.0523891012894,0
260,263,0.0018752154105925,0.0168021005213236,0,245.8953214709,1,127.776606693748,0,-127.776606693748,0
256,264,0.0650086727846247,0.0242901078980431,0,4474.18625068732,1,-10.1057691391671,0,10.1057691391671,0
263,264,0.0190931911349766,0.0229166093345642,0,750.945609072829,1,10.1057691391668,0,-10.1057691391668,0
255,265,0.0004539832185853,0.011410001656131,0,781.269968567204,1,-354.168008553576,0,354.168008553576,0
256,265,0.0010132038233422,0.0142088042357709,0,1381.32198316299,1,-183.344094145614,0,183.344094145614,0
262,265,0.000279441244826,0.0033116303877567,0,1044.89145123799,1,531.454000907715,0,-531.454000907715,0
263,265,0.0036628265924166,0.0208041040539334,0,589.453747845557,1,-102.289440093757,0,102.289440093757,0
262,267,0.0002831149039067,0.0043259931584048,0,522.255149604762,1,293.421896258868,0,-293.421896258868,0
251,268,0.0143768512572854,0.218907328449273,0,167.153575041546,1,-6.56624760222098,0,6.56624760222098,0
265,268,0.0697185142899496,0.144250008802803,0,116.896557694732,1,12.2076393401027,0,-12.2076393401027,0
263,270,0.0050279438952627,0.101758609764437,0,56.2477529462383,1,12.5709498257977,0,-12.5709498257977,0
268,270,0.0195972233582545,0.0203717403990128,0,343.151900387562,1,80.8124597361003,0,-80.8124597361003,0
262,271,1.95191236621977e-05,0.0040173068553327,0,2906.5445902507,1,-916.892520087336,0,916.892520087336,0
266,271,0.000530035987441,0.0007246551414761,0,1940.21050827896,1,916.892520087337,0,-916.892520087337,0
266,272,0.0005850439890022,0.0007279189268718,0,3362.04580869528,1,-916.892520087337,0,916.892520087337,0
254,273,0.0111513946056932,0.364920919899145,0,15.2043413629844,1,-1.17428783288802,0,1.17428783288802,0
269,273,0.0029098686705312,0.0252953828899779,0,259.49818246731,1,-75.4535241677142,0,75.4535241677142,0
268,274,0.0116459834137238,0.0491197997162868,0,913.878401384869,1,15.6961632810038,0,-15.6961632810038,0
267,275,0.0046941702541297,0.0098947764798276,0,299.983551838216,1,212.583360071312,0,-212.583360071312,0
269,275,0.0065155318911981,0.0182018223585981,0,673.58133885385,1,-173.080035842537,0,173.080035842537,0
273,275,0.0009522743455527,0.0314339693240446,0,98.0803427481574,1,-39.5033242287751,0,39.5033242287751,0
250,276,0.0331227539039901,0.027557251664798,0,2310.44173613004,1,38.0510458465978,0,-38.0510458465978,0
254,276,0.0016201078121354,0.019263526204099,0,770.469420115307,1,-100.991673901744,0,100.991673901744,0
267,276,0.0004041352473241,0.0226164109231443,0,366.396113706293,1,80.8385361875565,0,-80.8385361875565,0
274,276,0.0018775039641179,0.0667287495627061,0,524.844392977226,1,-17.89790813241,0,17.89790813241,0
269,277,0.0020463742594086,0.00507265756294,0,509.003769507139,1,282.768777610683,0,-282.768777610683,0
269,279,0.017280169929247,0.0305158487378541,0,48.6096713272122,1,-34.2352176004319,0,34.2352176004319,0
273,279,0.546907787692909,1.34744474803226,0,15.2043413629844,1,0.641146187017941,0,-0.641146187017941,0
274,279,0.001749629965013,0.0353198508972259,0,53.6264605008484,1,33.5940714134139,0,-33.5940714134139,0
256,280,0.182619687288387,0.347914173774251,0,8.36281212602093,1,-8.36281212602101,0,8.36281212602101,0
278,283,0.139488643994556,0.234024719630553,0,25.920593905469,1,2.24757143916169,0,-2.24757143916169,0
281,283,0.0617520848223631,0.0291956574146475,0,272.318454041221,1,-19.1887874811052,0,19.1887874811052,0
278,284,0.0584227290984074,0.408234585926034,0,24.1527842787706,1,-2.24757143916168,0,2.24757143916168,0
281,285,0.0318050998752096,0.0375001637670351,0,642.14566774969,1,-27.9652716567447,0,27.9652716567447,0
283,285,0.111381662059387,0.0288334084287311,0,161.782942270841,1,-16.9412160419435,0,16.9412160419435,0
282,287,0.0015776155493675,0.06578930204165,0,337.923722454521,1,-8.91109633262823,0,8.91109633262823,0
248,288,0.0418906554025389,0.167330776094706,0,19.2335607038146,1,-4.52450660885109,0,4.52450660885109,0
280,288,0.0004343728487831,0.0314039243385741,0,143.634116022742,1,122.641047204896,0,-122.641047204896,0
281,288,0.0070112779152673,0.0741640744065083,0,287.28431328968,1,-5.96520041968465,0,5.96520041968465,0
285,288,0.0340672581072955,0.0282715729751992,0,135.840657712179,1,21.4455240843582,0,-21.4455240843582,0
258,289,0.003262979636431,0.0141643490944855,0,181.481706110803,1,-40.9355383185265,0,40.9355383185265,0
270,289,0.0152333482040231,0.0385712799877726,0,1971.80794305273,1,-4.66400204669317,0,4.66400204669317,0
286,289,0.0288065763619725,0.0300598790682537,0,737.128802435857,1,45.5995403652161,0,-45.5995403652161,0
282,290,0.0003632153535831,0.0656399391941374,0,328.104109278547,1,8.91109633262819,0,-8.91109633262819,0
288,290,0.0001955728620557,0.0244018229528406,0,530.784276243973,1,-58.9089633672852,0,58.9089633672852,0
286,291,0.0542601810127439,0.199558774797768,0,63.5465891405488,1,-9.41112908491666,0,9.41112908491666,0
242,292,0.002746073054246,0.0302767514756168,0,72.8451642048991,1,50.9673721819146,0,-50.9673721819146,0
284,292,0.0138447578675975,0.124132295538451,0,23.5362897541281,1,-2.24757143916168,0,2.24757143916168,0
285,292,0.0026597773179338,0.018598484646598,0,374.708160210958,1,-66.3520117830463,0,66.3520117830463,0
287,292,0.012369216657426,0.043574747981649,0,1346.61595367773,1,17.6322110402927,0,-17.6322110402927,0
241,293,0.0025841015195521,0.577357752283668,0,17.7480489719533,1,2.79763723997293,0,-2.79763723997293,0
286,293,0.300302837377771,1.26144433804322,0,3.40784355369966,1,0.132564579428375,0,-0.132564579428375,0
287,294,0.0074653522226873,0.0544422513467766,0,1245.73343015634,1,-26.5433073729208,0,26.5433073729208,0
291,294,0.0010022040059948,0.0515696298859248,0,77.339407580317,1,-9.41112908491661,0,9.41112908491661,0
244,295,0.001450939382905,0.0753396439009861,0,2385.68531858979,1,-31.7040664764969,0,31.7040664764969,0
245,295,0.04165578199555,0.038159847578821,0,1709.0140387876,1,16.9111701727076,0,-16.9111701727076,0
294,295,0.0033137896752595,0.043068052088063,0,94.9764825465045,1,39.5295613702855,0,-39.5295613702855,0
241,296,0.0115831083870254,0.518942572654017,0,15.2043413629844,1,1.25321799501685,0,-1.25321799501685,0
286,296,0.0011379384976808,0.0219615943988151,0,1443.34230035615,1,-36.320975859728,0,36.320975859728,0
293,296,0.0070032799195087,0.0840727694907109,0,455.675720357733,1,-11.4768358886062,0,11.4768358886062,0
242,297,0.0202915240016931,0.0662680580511877,0,137.303486649281,1,47.5534689626902,0,-47.5534689626902,0
247,298,0.0131989413976668,0.0014843384262522,0,293.476360396039,1,151.427063383787,0,-151.427063383787,0
248,298,0.0214496859993394,0.0028181296698869,0,6.07551769758405,1,6.07551769758317,0,-6.07551769758317,0
254,298,0.0109631378188259,0.0085483347448886,0,198.080602372474,1,121.437129143117,0,-121.437129143117,0
277,298,0.0009157303799988,0.0056261649213786,0,1847.60778828605,1,-333.514492051782,0,333.514492051782,0
290,298,0.007185849662771,0.0405259869001635,0,57.5370323285124,1,54.5747818272897,0,-54.5747818272897,0
244,300,0.002692433643472,0.0358386883997965,0,2150.41301106831,1,31.704066476497,0,-31.704066476497,0
297,300,0.0052854381646802,0.0295608360849049,0,126.301940979779,1,47.5534689626901,0,-47.5534689626901,0
299,300,0.0012257012419691,0.0253733296905249,0,546.710613390541,1,-79.2575354391873,0,79.2575354391873,0
14,95,0.0005863417894707,0.0016632481925125,0,1440.65548383681,1,662.501265247239,0,-662.501265247239,0
59,96,0.0013986000850867,0.007779206209163,0,247.403517487666,1,92.3873327544015,0,-92.3873327544015,0
7,63,0.18820931223448,0.331528415298789,0,50.1651833756464,1,-0.803686399378267,0,0.803686399378267,0
27,112,0.0017198809805694,0.0086000598083244,0,511.79648800089,1,201.866959334383,0,-201.866959334383,0
75,174,0.0024517462244643,0.0034395836365215,0,541.778021393649,1,-303.664980502893,0,303.664980502893,0
119,125,0.0003882963407459,0.0028588119281391,0,633.133882155135,1,-354.362241095811,0,354.362241095811,0
107,170,0.0058221317329652,0.0043937264792009,0,2808.58073398276,1,-470.614911559324,0,470.614911559324,0
111,165,8.94792597532694e-05,0.0066344372737712,0,3309.09676934868,1,-844.238145976527,0,844.238145976527,0
178,204,0.0991636478418117,0.0077313529590958,0,115.249242979888,1,-85.5077296489107,0,85.5077296489107,0
174,220,0.0004065654408111,0.0035256088932183,0,903.911897259548,1,-665.359735712515,0,665.359735712515,0
141,238,0.0083598350193012,0.0451561219161179,0,362.177624693341,1,41.1995104205309,0,-41.1995104205309,0
159,191,0.0249118538009458,0.104441628060061,0,9.24713344959989,1,-8.03283928822827,0,8.03283928822827,0
199,265,0.0011387886702988,0.0105184480062993,0,437.63407052525,1,120.555181225335,0,-120.555181225335,0
237,295,0.0005028227649911,0.0337992463297367,0,2415.77302872075,1,-24.7366650664962,0,24.7366650664962,0
207,296,0.0172704067736702,0.0274528129484241,0,848.425710460449,1,46.5445937533171,0,-46.5445937533171,0
226,241,0.0028818694799307,0.105148530023059,0,127.480242891022,1,5.91155852410333,0,-5.91155852410333,0
251,35,0.0084205870016994,0.0854483317138559,0,22.2137767894408,1,-2.80467119766525,0,2.80467119766525,0
281,29,0.0063808432102362,0.045269396959356,0,523.236101482648,1,53.1192595575345,0,-53.1192595575345,0
263,60,0.0014853448174689,0.0105955452126361,0,1627.32380064311,1,191.336938721252,0,-191.336938721252,0
256,54,0.0014285613713195,0.0018061659686002,0,1211.48433044987,1,387.256463261093,0,-387.256463261093,0
