from_bus,to_bus,resistance,reactance,susceptance,line_rating,line_status,P_from,Q_from,P_to,Q_to
1,5,0.0018186184514437,0.0013188759968202,0,920.077577697243,1,-484.68832156312,0,484.68832156312,0
3,5,0.080487052128146,0.362103717074335,0,76.9499556904317,1,-6.49403928639397,0,6.49403928639397,0
2,7,0.0098354589695306,0.0865129180562172,0,30.0330516774171,1,-2.73020859634464,0,2.73020859634464,0
6,7,0.0003186034835751,0.0112569558085473,0,2999.14852338252,1,-881.633334829453,0,881.633334829453,0
5,10,0.0002964978940721,0.0024181854253729,0,1672.26483692319,1,-525.161016114003,0,525.161016114003,0
1,11,0.0365607223160204,0.029054743894437,0,11112.7956831195,1,-23.6965756211327,0,23.6965756211327,0
2,11,0.0046835752806068,0.202499286748017,0,30.2560120565605,1,2.73020859634465,0,-2.73020859634465,0
4,11,0.0130224131199239,0.0072805726890938,0,224.517845200531,1,59.9996338695581,0,-59.9996338695581,0
5,11,0.0104531448415689,0.0515245144042638,0,3.34815970830075,1,-0.955936085336351,0,0.955936085336351,0
7,11,0.0001725697415208,0.0255549030341148,0,53.2346158824499,1,30.8771903752353,0,-30.8771903752353,0
10,11,0.0010188999265398,0.0056685989083731,0,400.309790875056,1,215.341143777058,0,-215.341143777058,0
10,13,0.0012440742068411,0.0038292161157154,0,1664.50774494667,1,-422.698357158957,0,422.698357158957,0
12,14,0.0002595719284002,0.003406464595393,0,1106.81064001099,1,-488.149818225015,0,488.149818225015,0
5,15,0.000954259990408,0.0807701328485583,0,33.5272131468043,1,33.5272131465388,0,-33.5272131465388,0
8,15,0.0010194850649653,0.0323981652881577,0,118.627982707059,1,-43.0224231767178,0,43.0224231767178,0
12,16,0.0014176949642114,0.0004117437166449,0,768.737537639764,1,487.612355549747,0,-487.612355549747,0
15,16,0.0013560448281886,0.0025775824497785,0,862.405269311655,1,-487.612355549748,0,487.612355549748,0
9,17,5.03502746783928e-05,0.0001841573781834,0,7954.05016173129,1,3697.70740247106,0,-3697.70740247106,0
4,18,0.0001018927341069,0.0030040461566381,0,1884.69517208736,1,-367.460295974483,0,367.460295974483,0
13,18,0.0007513871601025,0.0117454765681327,0,643.647902563956,1,110.560566936861,0,-110.560566936861,0
12,19,0.0002081071004853,0.0019583876167359,0,1646.63470362827,1,517.328768164799,0,-517.328768164799,0
15,19,0.0007705444435174,0.0292593346252318,0,669.256412358601,1,-15.1918054820603,0,15.1918054820603,0
19,21,0.0189710906833991,0.0203788536130858,0,657.265935170351,1,-82.4768684907095,0,82.4768684907095,0
12,22,0.0007784310417683,0.0012978802255383,0,1550.52408662979,1,-516.79130548953,0,516.79130548953,0
20,22,0.0013469351385031,0.0262623490665634,0,262.305859319611,1,59.1599438021437,0,-59.1599438021437,0
14,23,0.0011787535318451,0.0032808112441631,0,1168.40183801228,1,-488.149818225016,0,488.149818225016,0
17,23,2.54643548605049e-05,0.0005041944894317,0,9374.26338085549,1,1348.88081394559,0,-1348.88081394559,0
18,23,7.59427206038307e-05,0.0005700951885361,0,2865.7843492722,1,-743.865023792083,0,743.865023792083,0
22,23,0.0035561253052021,0.0389861708065847,0,349.279323954321,1,-66.5276741909932,0,66.5276741909932,0
15,24,0.0049787640817596,0.027594191354379,0,233.321815623986,1,-60.1440473178492,0,60.1440473178492,0
18,25,0.0012129000894219,0.0027281646046906,0,1331.96693985253,1,298.618716170136,0,-298.618716170136,0
21,26,0.0127066199281357,0.094255109892331,0,119.695484696227,1,0.184619817703086,0,-0.184619817703086,0
17,27,0.000118305866518,0.0002859467162638,0,5856.80799870198,1,2348.82658852199,0,-2348.82658852199,0
20,27,0.000139899032055,0.0021616100968841,0,1137.5292533446,1,-485.026970972399,0,485.026970972399,0
20,28,0.0004880802682254,0.0114135603242191,0,408.220085397994,1,124.230673710884,0,-124.230673710884,0
21,28,0.0016026327384815,0.0016796727140564,0,630.259380040695,1,-82.661488308413,0,82.661488308413,0
24,28,0.0003819478318244,0.0145421191116813,0,112.858990876405,1,-41.5691854024719,0,41.5691854024719,0
7,29,5.17827280391373e-05,0.0007223738573774,0,2132.71099965381,1,-926.818386409278,0,926.818386409278,0
24,29,0.0230578194294395,0.0350618689186677,0,379.346094284752,1,-72.905361570549,0,72.905361570549,0
27,29,0.000537593873663,0.0004805534286079,0,2011.18468604991,1,1070.97207144498,0,-1070.97207144498,0
29,31,0.0007710647492468,0.0269660874925215,0,366.302898063843,1,71.248323465151,0,-71.248323465151,0
24,32,0.0094577079874172,0.14441872066048,0,459.691075299731,1,-18.3876756018105,0,18.3876756018105,0
30,32,0.0170272470164383,0.0339970424123585,0,56.6952765461713,1,35.1834602759725,0,-35.1834602759725,0
24,34,0.0096879697851022,0.0217155103786728,0,540.212939451243,1,81.4112504822846,0,-81.4112504822846,0
25,34,0.0668653757411509,0.265065619781741,0,296.755648116508,1,13.5495900355126,0,-13.5495900355126,0
33,34,0.0001004765720875,0.0020167146212334,0,568.883423052589,1,-440.726575374582,0,440.726575374582,0
25,35,0.0066017701113289,0.0356752694883,0,68.9073966503305,1,0.131949028126932,0,-0.131949028126932,0
18,36,0.0024237940885029,0.0076688761902757,0,2289.61724098319,1,188.346578584326,0,-188.346578584326,0
30,38,0.0047576246455979,0.0149650968220832,0,405.470688760307,1,139.774830500479,0,-139.774830500479,0
31,38,0.0355486440133401,0.0667851871463279,0,140.39125557618,1,-16.845121609922,0,16.845121609922,0
36,40,0.002711238176993,0.0076258731069337,0,1860.95514348813,1,188.346578584326,0,-188.346578584326,0
4,42,0.10647343454615,0.189410445318145,0,283.676678237779,1,7.39801414191303,0,-7.39801414191303,0
5,42,0.499674085547288,0.650269638003147,0,18.3024907009373,1,1.40737820328688,0,-1.40737820328688,0
37,42,0.0354717966257222,0.943636783804773,0,14.5316700391943,1,0.0,0,0.0,0
38,43,0.0018017891200705,0.0425845097305692,0,50.9254759574815,1,44.0131155147566,0,-44.0131155147566,0
40,43,0.0268017617796814,0.0006621964644344,0,1382.86173801861,1,-193.336010840525,0,193.336010840525,0
40,44,0.0002873688278623,0.0037426189907404,0,455.770755013798,1,415.597085258124,0,-415.597085258124,0
41,44,4.96673665335334e-05,0.0045639205614495,0,1750.744740895,1,-357.16347843987,0,357.16347843987,0
26,45,7.214214850602e-05,0.0033392946072938,0,1626.17167437526,1,-409.541469813542,0,409.541469813542,0
27,45,8.73712345437416e-05,0.0021430710272146,0,1874.38469689627,1,585.617301668769,0,-585.617301668769,0
30,45,0.0075843345346027,0.042386966125339,0,88.5369964389165,1,48.0293897902533,0,-48.0293897902533,0
35,45,0.0023524921944359,0.0234806514355827,0,79.6875413902092,1,0.131949028126921,0,-0.131949028126921,0
39,45,0.0017800294928055,0.0035142251720726,0,1328.1203403258,1,-286.654222439173,0,286.654222439173,0
38,46,0.0005259836710645,0.0105205597618088,0,1547.62843508625,1,78.9165933758005,0,-78.9165933758005,0
39,46,0.0165133957095138,0.0157540977345956,0,13634.2888541196,1,-7.69304569136122,0,7.69304569136122,0
42,46,0.0359106914789313,0.805544067277792,0,3.37610228721261,1,-0.988737682737666,0,0.988737682737666,0
39,47,0.168895615364931,0.790563790511008,0,2.33360017520704,1,0.978594098981451,0,-0.978594098981451,0
40,47,0.006460587949897,0.159347747325081,0,7.68363587226515,1,-1.73970817047295,0,1.73970817047295,0
39,48,0.0025081818199273,0.0039503073475055,0,599.164566513697,1,421.405640676744,0,-421.405640676744,0
41,49,0.0006963998696235,0.0104900859054083,0,1285.31372751664,1,332.971553061674,0,-332.971553061674,0
26,51,0.002906779173129,0.0026799472462841,0,2085.22893998213,1,409.726089631244,0,-409.726089631244,0
42,51,0.0124827288643487,0.0799439725748541,0,811.039626533421,1,9.79413002793757,0,-9.79413002793757,0
43,52,0.0001660830891153,0.0006844111897426,0,1016.42444427234,1,-308.051907645115,0,308.051907645115,0
47,52,0.0059256223716537,0.0809891969959754,0,4.97057966930898,1,-0.76111407149152,0,0.76111407149152,0
50,52,0.0186542173734005,0.0997423590983024,0,52.5650533718324,1,-5.11035153830301,0,5.11035153830301,0
3,53,0.0009955152593232,0.106569610951182,0,48.2014423692355,1,-5.11035153830302,0,5.11035153830302,0
50,53,0.0759825697621977,0.0675666813680588,0,40.1060738849055,1,5.11035153830302,0,-5.11035153830302,0
44,54,0.0086011346609924,0.0294248196799456,0,173.373085049528,1,55.107532104625,0,-55.107532104625,0
54,55,0.252854087151803,0.0227522856732214,0,72.4190850239582,1,-5.60052438454406,0,5.60052438454406,0
19,56,0.00086167072037,0.0014592161448627,0,2812.22717095833,1,584.613831173448,0,-584.613831173448,0
44,56,0.0120546858362856,0.081294495130694,0,7.19610230049339,1,3.32607471362895,0,-3.32607471362895,0
54,56,0.002593098349308,0.0048192452392558,0,862.13433609461,1,-280.362912343222,0,280.362912343222,0
6,57,6.44436375096973e-05,0.0005942250213118,0,3898.01189539935,1,881.633334829453,0,-881.633334829453,0
49,57,0.0001605607800254,0.0049281407321591,0,1206.00532824432,1,332.971553061674,0,-332.971553061674,0
1,58,7.09286393978379e-05,0.0024184142085076,0,1082.48128615044,1,508.384897184252,0,-508.384897184252,0
54,58,0.0877518833346272,0.470062451993692,0,73.5995247337676,1,-5.52901396026472,0,5.52901396026472,0
7,59,0.0188942879727686,0.311026969583753,0,335.431548830678,1,11.5776526082466,0,-11.5776526082466,0
8,59,0.0157290925142843,0.22405418286339,0,85.6733906584519,1,-5.97712822370255,0,5.97712822370255,0
55,59,0.037212586476212,0.281695358360229,0,76.0326061366109,1,-5.60052438454402,0,5.60052438454402,0
54,60,0.0096383269878042,1.42259732315737,0,14.5316700391943,1,0.0,0,0.0,0
61,63,0.176982544884647,0.839757906573129,0,28.8884323762804,1,3.18319483257044,0,-3.18319483257044,0
64,67,0.727785846666338,1.24948490619484,0,14.5316700391943,1,0.0,0,0.0,0
68,69,0.0017450243561638,0.0125104338502619,0,228.39834254526,1,114.314338372581,0,-114.314338372581,0
63,70,0.0109265861918671,0.0452318330086318,0,100.503523051618,1,-36.9724326480728,0,36.9724326480728,0
61,71,0.201411276770908,0.127224611472436,0,196.79204085845,1,12.159899959461,0,-12.159899959461,0
69,71,0.161698036292651,0.175103652961565,0,192.580608700801,1,-12.159899959461,0,12.159899959461,0
66,72,0.0249553428602603,0.142380781951306,0,134.814967135553,1,10.7907056726206,0,-10.7907056726206,0
68,72,0.0088144251876174,0.123998764261932,0,40.4869351925404,1,2.29965442910234,0,-2.29965442910234,0
69,72,0.0122753723526774,0.0874664754835711,0,301.888174128707,1,-13.090360101723,0,13.090360101723,0
70,73,0.0050830228142128,0.0460813345734209,0,95.4700206024886,1,-37.6320598119262,0,37.6320598119262,0
74,75,0.0006279536744986,0.0140682507702445,0,408.649106829112,1,105.399230021803,0,-105.399230021803,0
73,76,0.528984918443631,0.663462719862382,0,5.92437908602863,1,1.90466888714731,0,-1.90466888714731,0
68,78,0.0028559634514728,0.0161939429966188,0,282.680085205753,1,-116.295023335998,0,116.295023335998,0
73,78,0.11212968270327,0.231755706630136,0,4.73014420575737,1,4.73014420599059,0,-4.73014420599059,0
74,78,0.0005866189185828,0.0057565019788753,0,553.456099175137,1,181.68398022118,0,-181.68398022118,0
76,78,0.0107754575772426,0.156641548543319,0,34.0223436196411,1,-1.06893023555568,0,1.06893023555568,0
77,78,0.128459215309939,0.290519894047125,0,21.0261936056229,1,1.06266941549629,0,-1.06266941549629,0
75,79,0.002055549994808,0.0096601104451194,0,534.757701056691,1,105.399230021803,0,-105.399230021803,0
76,80,0.0198398275883884,0.0642274957498869,0,47.5911471330986,1,3.14252583165958,0,-3.14252583165958,0
77,81,0.008318344519808,0.173221453229986,0,7.16617327581487,1,-1.08872327806749,0,1.08872327806749,0
79,81,0.166148971431388,1.94960690219662,0,2.74176882632077,1,-1.00143451600161,0,1.00143451600161,0
80,81,0.113437444676768,0.585958071081664,0,2.43777675655592,1,-1.47893224624179,0,1.47893224624179,0
77,82,0.0002960443260342,0.0154354425962221,0,214.357525047122,1,59.9568813842451,0,-59.9568813842451,0
76,84,0.351963312060192,1.90256740528007,0,14.5316700391943,1,-0.168926708956571,0,0.168926708956571,0
77,84,0.0659563545216375,0.916202322257421,0,14.5316700391943,1,0.168926708956571,0,-0.168926708956571,0
67,85,0.0549599067801333,1.65225217375367,0,14.5316700391943,1,0.0,0,0.0,0
77,86,0.0034485487760426,0.0538177851146185,0,6786.53260208495,1,-25.3384220822348,0,25.3384220822348,0
83,86,0.0008757914391472,0.0028358673085398,0,1618.85995706719,1,-353.458160712288,0,353.458160712288,0
82,87,0.0112176201907108,0.0781505755335213,0,123.148644236955,1,47.8252957661436,0,-47.8252957661436,0
87,88,0.0004857425139335,0.0113425425290692,0,856.126737549935,1,164.925446048316,0,-164.925446048316,0
79,89,0.0007390000964561,0.0093061211545688,0,661.177448228955,1,106.400664537805,0,-106.400664537805,0
82,89,0.0010059222366597,0.0600709031218308,0,3275.38571749281,1,30.4395272142734,0,-30.4395272142734,0
77,90,0.0004442688118689,0.0528321614679824,0,36.1520919548085,1,-34.7613321483957,0,34.7613321483957,0
82,92,0.0085214290585916,0.0505026666904502,0,54.9510063449823,1,-39.3588568262712,0,39.3588568262712,0
90,92,0.0447790259596691,0.0602993409554928,0,7089.84426237213,1,12.8401085961847,0,-12.8401085961847,0
91,92,0.0270619258437129,0.106281963444863,0,4158.64183684537,1,26.5187482300864,0,-26.5187482300864,0
86,93,0.0249299042001189,0.0478886235880246,0,1052.84733668867,1,-29.0377120942865,0,29.0377120942865,0
90,93,0.0093086004518367,0.0183873692953391,0,193.154917209869,1,-49.9102123560627,0,49.9102123560627,0
88,94,0.0090218589180929,0.0067818672077606,0,791.360331846932,1,169.876143555997,0,-169.876143555997,0
91,95,0.0106723992564103,0.0045574632643026,0,378.625819061006,1,126.673635323839,0,-126.673635323839,0
88,97,0.0036248639160226,0.0118775764169701,0,652.288870022356,1,-167.153419243474,0,167.153419243474,0
89,97,0.214997409969584,0.417854588982986,0,43.9848555052871,1,4.294175346251,0,-4.294175346251,0
96,97,0.0046077836844046,0.0256555376845594,0,553.148534671256,1,162.859243897223,0,-162.859243897223,0
70,98,0.218954262303631,0.925892643757535,0,14.5316700391943,1,0.659627163853459,0,-0.659627163853459,0
78,98,0.0008816982095084,0.0183899347266214,0,148.746333733227,1,67.8980966031155,0,-67.8980966031155,0
80,98,0.0704642573626313,0.190278933161591,0,69.8927559715335,1,4.62145807790136,0,-4.62145807790136,0
87,98,0.0027192464005546,0.02652146228648,0,302.101474982893,1,-117.100150282173,0,117.100150282173,0
91,99,0.0250166597709309,0.0028935783242395,0,782.537429067379,1,-153.192383553925,0,153.192383553925,0
93,100,0.0031327083828312,0.0325838678039517,0,309.550104801052,1,67.1151363601465,0,-67.1151363601465,0
96,100,0.0082303814356546,0.0139678384878002,0,353.693405719438,1,-67.1151363601465,0,67.1151363601465,0
61,102,0.0422713688162391,0.216768709011487,0,600.82580439956,1,-15.3430947920314,0,15.3430947920314,0
90,103,0.0074626795396264,0.136677764961567,0,33.6817852011105,1,2.30877161148231,0,-2.30877161148231,0
93,103,0.0057636562322059,0.1101389203087,0,656.046030358365,1,11.1974517855014,0,-11.1974517855014,0
96,103,6.89759738336509e-05,0.0167415630573648,0,120.453106788812,1,-112.955335127605,0,112.955335127605,0
81,104,0.0036876596735305,0.156486438192213,0,17.1582609783556,1,-3.56909004031089,0,3.56909004031089,0
99,105,0.0085149293718244,0.050344693314307,0,179.509215569904,1,60.3577841542233,0,-60.3577841542233,0
99,106,0.0097345495653253,0.043934026743042,0,65.6934438035811,1,37.5466936283022,0,-37.5466936283022,0
73,107,0.04394472110236,0.0278121015430036,0,125.625858019797,1,-44.2668729050641,0,44.2668729050641,0
101,107,0.0057277683605681,0.0032556973257275,0,392.953693942739,1,234.392388453779,0,-234.392388453779,0
104,107,0.000606857226379,0.0066010851908806,0,550.372480609373,1,-192.62918414089,0,192.62918414089,0
105,107,0.0082444527813394,0.0288438597731728,0,83.7689326467712,1,-25.4250017872446,0,25.4250017872446,0
85,109,0.0003117767572161,0.0006343650131816,0,4208.10883243962,1,892.180044864904,0,-892.180044864904,0
102,109,0.0020377085637387,0.0003676470589958,0,2542.17559110471,1,-588.136205091938,0,588.136205091938,0
103,109,0.0006979055234364,0.0208682479756833,0,658.200723007803,1,-99.4491117306212,0,99.4491117306212,0
106,109,0.0047316197884082,0.0045057843247204,0,410.088972302422,1,-204.594728042345,0,204.594728042345,0
101,110,0.0002452468604047,0.0016238725569551,0,637.39312390078,1,601.560471925417,0,-601.560471925417,0
102,110,0.0048670562250423,0.12310786227118,0,129.264693213999,1,12.7948086900787,0,-12.7948086900787,0
106,111,0.0297869846617292,0.0950391784094868,0,128.697873566227,1,10.0065958679404,0,-10.0065958679404,0
102,112,0.000171198703185,0.0011210108382595,0,2517.17564975675,1,559.998301609828,0,-559.998301609828,0
104,113,0.010651274128133,0.0077332925287589,0,421.589749145304,1,94.7128795966779,0,-94.7128795966779,0
108,113,0.0204651842295041,0.0262913774161866,0,88.3807326826575,1,88.3807326812249,0,-88.3807326812249,0
111,113,0.0014601379609141,0.0290651601397477,0,342.430385503077,1,58.7902115404968,0,-58.7902115404968,0
62,114,0.0200804086343195,0.117906168014143,0,73.5348698766497,1,-6.17148711479433,0,6.17148711479433,0
105,114,0.107640302640031,0.194520022034596,0,14.5316700391943,1,-1.66215429676711,0,1.66215429676711,0
108,114,0.0032459875611898,0.0931469795247586,0,63.3717481190418,1,7.83364141156144,0,-7.83364141156144,0
63,115,0.0001513901189321,0.0170632643932572,0,115.058427703927,1,40.1556274806431,0,-40.1556274806431,0
111,115,0.0149221695313629,0.056965782996886,0,636.174049608026,1,88.2556138229511,0,-88.2556138229511,0
113,115,0.248557137714145,0.213112459828212,0,2132.4507101855,1,15.5730135858611,0,-15.5730135858611,0
65,116,0.0022838175131565,0.19383163432148,0,75.9990646248061,1,-7.56816344621671,0,7.56816344621671,0
66,116,0.0472206972953168,0.119666791059762,0,191.968355168168,1,-13.1056572498861,0,13.1056572498861,0
111,116,0.0006685270346488,0.0657909046727877,0,25036.1583102766,1,16.6567668218237,0,-16.6567668218237,0
112,116,0.110256153407341,0.528932765535447,0,27.3259292722808,1,4.01705387427914,0,-4.01705387427914,0
108,117,0.0168553241410292,0.0608301508797389,0,120.964495032393,1,16.3293894874878,0,-16.3293894874878,0
113,117,0.0233588701933005,0.0814685676989104,0,131.87013713185,1,-16.3293894874878,0,16.3293894874878,0
65,118,0.0005211590457112,0.0869460155090497,0,76.4613450525064,1,7.5681634462167,0,-7.5681634462167,0
66,118,0.267471311069917,0.240462566736115,0,15.9145776568,1,2.31495157726549,0,-2.31495157726549,0
68,119,0.0368264184682889,0.572169046781532,0,2.16791728044414,1,-0.318969465685427,0,0.318969465685427,0
98,119,0.0058252260963459,0.0427740554094826,0,144.000295703642,1,10.5701681694321,0,-10.5701681694321,0
69,120,0.0116564245961927,0.146106068591521,0,24.4644660124738,1,-5.48473477524543,0,5.48473477524543,0
118,120,0.0720887813580361,0.133899538335934,0,135.790597525623,1,9.8831150234822,0,-9.8831150234822,0
119,120,0.0548958629178672,0.0791393681507181,0,163.348113697937,1,10.2511987037467,0,-10.2511987037467,0
122,125,0.0023743186653409,0.060742659104303,0,2598222.17109649,1,13.7394764630965,0,-13.7394764630965,0
122,127,1.55610503330211e-05,0.012120352514943,0,537.4816253306,1,-156.035594634288,0,156.035594634288,0
124,129,0.106600585890953,0.0833040873469139,0,2559.64177362579,1,12.6311513197348,0,-12.6311513197348,0
121,130,0.0039369838501407,0.0943021419165395,0,126.835726755983,1,-3.02905330437824,0,3.02905330437824,0
125,130,0.0233209790330592,0.114462618634884,0,6.42638504756504,1,-2.89959512520172,0,2.89959512520172,0
123,131,0.0001689871607981,0.0086435181691564,0,254.371984978493,1,-205.64301044883,0,205.64301044883,0
127,131,0.000874990013884,0.0079837830400469,0,279.526024476382,1,-213.465762993083,0,213.465762993083,0
128,132,0.0003076766776085,0.0584109867975621,0,45.4479631176154,1,3.9620897222315,0,-3.9620897222315,0
128,133,0.0066342676882198,0.0471100360526894,0,57.1365007855847,1,34.9511732624925,0,-34.9511732624925,0
124,134,0.0013870569625361,0.0184236036530484,0,944.469509867126,1,81.9329440001243,0,-81.9329440001243,0
129,134,0.0168607447770476,0.0685564980764018,0,137.659759047312,1,6.67002496313071,0,-6.67002496313071,0
133,134,0.0286396628001656,0.228948425883981,0,127.183394173942,1,-7.89201793522336,0,7.89201793522336,0
126,136,0.0012322242303402,0.0200285633634728,0,600.99755243007,1,-68.904022681054,0,68.904022681054,0
130,136,0.0370181174536554,0.269594144149523,0,69.327169559814,1,-5.92864842957994,0,5.92864842957994,0
127,137,0.0009268748980441,0.0267993275271179,0,259.497704462959,1,57.430168358795,0,-57.430168358795,0
129,138,0.0028258973259688,0.334379215066947,0,72.0556211893936,1,5.96112635660414,0,-5.96112635660414,0
133,138,0.0077300266110349,0.0454380378190941,0,74.0058276250784,1,-5.96112635660414,0,5.96112635660414,0
133,140,0.0648983388614311,0.662112010605448,0,5.03659947229022,1,1.1114753380182,0,-1.1114753380182,0
135,140,0.0452674995520881,0.903201149595098,0,5.42523973730132,1,-1.1114753380182,0,1.1114753380182,0
133,141,0.0050512183702349,0.0405323483865194,0,292.728584778062,1,62.6173728413646,0,-62.6173728413646,0
135,141,0.0199636622024076,0.0373439095948205,0,894.929584259358,1,21.3748963586618,0,-21.3748963586618,0
132,142,0.0112298604932407,0.0922270081645452,0,771.630784280964,1,23.7175874906885,0,-23.7175874906885,0
135,142,0.0084744637868113,0.0477474311829835,0,2034.44834417326,1,-20.2634210206436,0,20.2634210206436,0
139,142,0.0212131747403209,0.0546749536526254,0,89.1525775808012,1,7.70052326850703,0,-7.70052326850703,0
137,143,0.0219891596976063,0.162333798447056,0,16.8109583877694,1,-3.0559579459368,0,3.0559579459368,0
139,143,0.0670472778243961,0.0721387874222101,0,37.8939089587516,1,-5.44917535244451,0,5.44917535244451,0
134,144,0.0025382661489433,0.0164912369314365,0,867.408979034114,1,80.7109510280316,0,-80.7109510280316,0
141,144,0.0317160885016766,0.165410167719465,0,1146.06880790356,1,-18.2205899405107,0,18.2205899405107,0
136,145,0.0158736694604938,0.0110434214761139,0,904.73883384678,1,-74.8326711106339,0,74.8326711106339,0
143,145,0.0377733970058509,0.126260074186112,0,92.6218929349697,1,-8.50513329838132,0,8.50513329838132,0
137,146,0.0622614350229399,0.108700200200859,0,17.4276012585428,1,-2.98148068418297,0,2.98148068418297,0
139,146,0.0456787686922121,0.0982074724240438,0,11.5880278370124,1,-2.25134791606253,0,2.25134791606253,0
145,146,0.003277068888184,0.238084709128567,0,36.6081368801717,1,5.23282860024551,0,-5.23282860024551,0
148,150,0.0004140473599103,0.0047139542831317,0,1081.37468706452,1,320.953525632504,0,-320.953525632504,0
121,151,0.0056075748939803,0.0001436044301153,0,1148.31768320352,1,403.28740710703,0,-403.28740710703,0
126,151,0.0181303160324689,0.0081539562722424,0,548.486207998466,1,68.9040226810539,0,-68.9040226810539,0
132,151,0.0285024128075165,0.0476091044961232,0,328.222893918517,1,64.4355412827443,0,-64.4355412827443,0
141,151,0.0036376377443083,0.066079658972547,0,121.598776319314,1,-13.3994670773344,0,13.3994670773344,0
144,151,0.014784024286952,0.0872485301154601,0,2254.50326801802,1,24.3951229929796,0,-24.3951229929796,0
149,152,0.488962684254245,1.75192307105942,0,14.5316700391943,1,0.0,0,0.0,0
144,153,0.0020080767023897,0.0212927323230618,0,183.830144855694,1,38.0952380945412,0,-38.0952380945412,0
147,153,6.14385206103295e-05,0.0055195781531899,0,982.817589928469,1,-297.485065287238,0,297.485065287238,0
148,154,0.073892856812834,0.0972027615759156,0,305.545223372964,1,-12.8567695434536,0,12.8567695434536,0
145,155,0.0078497307421788,0.0071712875289379,0,1392.05739955783,1,-88.5706330092608,0,88.5706330092608,0
149,155,0.0283810908070215,0.136614453983333,0,12.3320446862257,1,-1.37686598253354,0,1.37686598253354,0
142,156,0.007197810511051,0.0018506747605863,0,1458.20784946435,1,474.64748943277,0,-474.64748943277,0
149,157,0.0499829948208979,0.127466732765675,0,10.9444859892196,1,1.37686598253354,0,-1.37686598253354,0
148,158,0.0010729366483193,0.0073759986326544,0,1018.70850235212,1,-308.096756089051,0,308.096756089051,0
155,158,0.0011708876580434,0.0059862517611779,0,743.258333137959,1,295.058010806052,0,-295.058010806052,0
156,159,0.0004517807101991,0.0084704133092012,0,288.555137996309,1,208.32928128701,0,-208.32928128701,0
157,160,0.11589082822358,0.0849341236013424,0,12.3013472490977,1,1.37686598253354,0,-1.37686598253354,0
151,161,0.0113039697167113,0.0160458966706888,0,360.098799874645,1,-45.0056443086891,0,45.0056443086891,0
154,161,0.0040967098445289,0.0002446512510921,0,469.292000176919,1,-440.594626940711,0,440.594626940711,0
144,162,0.00197101375537,0.668789040976732,0,14.5316700391943,1,0.0,0,0.0,0
132,163,0.0337714085433928,0.064167227252886,0,44.912700908274,1,34.2717774327779,0,-34.2717774327779,0
141,163,0.0513951092039152,0.0511798871718747,0,52.1648270105393,1,-34.2717774327779,0,34.2717774327779,0
154,164,0.0004794796635652,0.0041239082855341,0,4158.02791794326,1,427.737857397254,0,-427.737857397254,0
156,164,0.0002244953503792,0.0064322932029757,0,366.559432752743,1,179.016397500891,0,-179.016397500891,0
158,165,0.0015241296056028,0.0372897801020846,0,210.759543207217,1,-13.0387452829988,0,13.0387452829988,0
161,167,0.0002736097287836,0.003323134230438,0,834.894266081209,1,-487.913566334886,0,487.913566334886,0
165,167,0.0002873129058593,0.0168861807044989,0,201.431886729753,1,-13.0387452829988,0,13.0387452829988,0
160,168,0.0325245954516253,0.121298600389887,0,34.2843277778433,1,3.80233742605392,0,-3.80233742605392,0
160,170,0.0037270274032808,0.325321688691315,0,15.6769837734767,1,-2.42547144352038,0,2.42547144352038,0
121,171,0.0158978540904781,0.041941733677466,0,2491.35902327791,1,-7.85751753157835,0,7.85751753157835,0
161,171,0.033823051283683,0.144678538561229,0,42.7929583976135,1,2.31329508548748,0,-2.31329508548748,0
168,172,0.0074013675243915,0.304029807773616,0,79.6801919287905,1,6.40512765916652,0,-6.40512765916652,0
121,174,0.30163211110327,0.300210518070203,0,11.9672831524494,1,5.04281961904711,0,-5.04281961904711,0
122,175,0.0046268663820049,0.0507360307752325,0,2518.33353418641,1,18.5162001516327,0,-18.5162001516327,0
125,175,0.180191462365302,0.293112378376903,0,14.5316700391943,1,0.357767782598697,0,-0.357767782598697,0
168,175,0.0447959019977717,0.813691021297947,0,19.0565820941358,1,3.13988840497301,0,-3.13988840497301,0
122,176,0.0160707572567442,0.0185597369245787,0,222.102101718622,1,123.779918019559,0,-123.779918019559,0
125,176,0.0073761115251637,0.207404880720079,0,68.3947324812111,1,7.05263239148962,0,-7.05263239148962,0
166,176,0.172878485921961,1.92742829932453,0,14.5316700391943,1,0.0,0,0.0,0
169,176,0.0008046547307221,0.0047839122024243,0,1099.39132489841,1,-318.333325635792,0,318.333325635792,0
172,176,0.0138997322049452,0.306853132499984,0,60.693770101296,1,6.40512765916652,0,-6.40512765916652,0
174,176,0.0008722566588467,0.0637516103500112,0,39.8745099398315,1,-0.0769874516582281,0,0.0769874516582281,0
175,176,0.0071693322751461,0.77627513657784,0,7.65887739100946,1,1.74923058883669,0,-1.74923058883669,0
173,177,0.011092195799809,0.126059220063675,0,65.8489971605811,1,-5.11980707070528,0,5.11980707070528,0
174,177,0.047297704941634,0.119623726340215,0,86.8278505759208,1,5.1198070707053,0,-5.1198070707053,0
168,178,0.0132707973682589,0.0191068431759244,0,327.604527276984,1,69.352828216999,0,-69.352828216999,0
171,178,0.0063362294168641,0.135115841395276,0,139.757062125851,1,-5.54422244609086,0,5.54422244609086,0
173,178,0.0288390959847083,0.175631997385177,0,633.349637186903,1,-21.9232658183368,0,21.9232658183368,0
128,179,0.0230524031250219,0.01801440495854,0,81.1231355810189,1,-38.913262984724,0,38.913262984724,0
170,179,0.0233850619088579,0.118811101254269,0,16.5616645895859,1,-2.42547144352038,0,2.42547144352038,0
178,179,2.55326061553091e-05,0.0184388551157516,0,616.177364208404,1,-155.300489195626,0,155.300489195626,0
125,180,0.0393467999035285,0.106188196602267,0,174.332890243069,1,9.22867141420989,0,-9.22867141420989,0
173,180,9.28306043896189e-05,0.0438656736444045,0,78.285029229718,1,-39.7926583717833,0,39.7926583717833,0
175,180,0.0369793967998972,0.043184109078838,0,806.945124350595,1,20.2646257503676,0,-20.2646257503676,0
178,180,0.0076094186194826,0.204371432067855,0,139.829761140622,1,10.2993612072058,0,-10.2993612072058,0
184,185,0.0001096258446188,0.007026661600498,0,478.713557356862,1,-329.673820620901,0,329.673820620901,0
184,186,0.132202140770802,1.28452823120684,0,14.5316700391943,1,0.150380608850455,0,-0.150380608850455,0
181,188,0.01328347632807,0.0175438196462593,0,886.760291238387,1,-124.187470133759,0,124.187470133759,0
182,191,0.000418977366163,0.0193297608035121,0,386.565187336177,1,49.1217620348221,0,-49.1217620348221,0
185,192,0.00029636410979,0.0039715376259482,0,934.559906682352,1,-379.652066422261,0,379.652066422261,0
188,192,0.0053812746226805,0.0100219548010583,0,867.567460176793,1,-98.4625323096365,0,98.4625323096365,0
183,193,0.0002702483860134,0.0092918827040577,0,754.201357154754,1,246.915751275119,0,-246.915751275119,0
188,193,0.0085043492843586,0.0117898649750701,0,1117.53377623647,1,219.490608056251,0,-219.490608056251,0
187,194,0.0079897204544741,0.0644805073085115,0,206.364383783329,1,-12.626845801912,0,12.626845801912,0
193,196,0.0051312829750922,0.0077944854302506,0,242.842257324522,1,207.462216309845,0,-207.462216309845,0
194,196,0.0069328173287559,0.0234148552620439,0,564.597089161948,1,74.9414151399301,0,-74.9414151399301,0
195,196,0.0887773599123031,0.156820841115732,0,121.196213562351,1,12.7920579248536,0,-12.7920579248536,0
187,197,0.0130599425382153,0.0090101948723959,0,1170.2902885929,1,95.0425671788652,0,-95.0425671788652,0
194,197,0.0002576708141864,0.0059943066405389,0,776.999420321649,1,278.687356961404,0,-278.687356961404,0
191,198,0.0126715900064872,0.0008052206715037,0,509.9106118257,1,-280.797598386477,0,280.797598386477,0
193,198,0.0012988951571533,0.0080183618006536,0,535.853580843399,1,258.944143021525,0,-258.944143021525,0
195,198,0.0058099394936625,0.112810896252257,0,1299.02743646089,1,21.8534553649517,0,-21.8534553649517,0
195,200,0.0068919902295184,0.0309603251620205,0,382.746903449106,1,91.8239256759289,0,-91.8239256759289,0
196,201,0.023807001417756,0.0565698193881658,0,1092.27169178785,1,-26.4594152684903,0,26.4594152684903,0
196,202,0.0005518409778614,0.0052986435961651,0,1260.09191066409,1,330.28249367944,0,-330.28249367944,0
200,202,0.0009637261597673,0.0319939919912887,0,3545.1892866574,1,28.5432310886805,0,-28.5432310886805,0
184,203,0.0009287153626275,0.0054363425044061,0,1061.29549383781,1,397.443655890121,0,-397.443655890121,0
199,204,0.0655380507061677,0.131795806288872,0,12.6333039176468,1,-2.87790751136522,0,2.87790751136522,0
196,205,0.0276556048984717,0.325412581093583,0,145.32388662927,1,-5.84267180668305,0,5.84267180668305,0
199,205,0.0075288286446261,0.146537674915683,0,13.6156049119002,1,2.87790751136522,0,-2.87790751136522,0
195,207,0.0007058682931973,0.0420291085955323,0,227.781611588123,1,-41.7852087210861,0,41.7852087210861,0
205,207,0.0290566966168754,0.0958330687556564,0,224.969097788931,1,-19.4189486935002,0,19.4189486935002,0
185,208,0.0298992854229509,0.014758856782036,0,108.321313136451,1,37.8085938629605,0,-37.8085938629605,0
201,208,0.0090453065286497,0.0615657774419927,0,1839.34547426859,1,-26.4594152684903,0,26.4594152684903,0
204,208,0.0050277639603682,0.147156183278716,0,13.1408861324101,1,-2.87790751136521,0,2.87790751136521,0
207,208,0.0427491295708652,0.15132333640536,0,8.14177260396213,1,4.20594442999309,0,-4.20594442999309,0
200,209,0.0007840663013731,0.0404282640256026,0,271.938502602057,1,8.73738315813617,0,-8.73738315813617,0
206,210,8.03053361335154e-05,0.0021088263682217,0,1366.40810495266,1,-747.834449853786,0,747.834449853786,0
210,211,1.87568951898466e-05,0.0005772613332863,0,1139.61073411439,1,-901.313559309948,0,901.313559309948,0
205,212,0.0076548919256259,0.0264029171425294,0,1021.31679096828,1,29.4792351092643,0,-29.4792351092643,0
206,212,0.0010239488787118,0.0061985947946992,0,1978.98605929241,1,336.712762224445,0,-336.712762224445,0
205,213,0.0090492202598188,0.0606745559869114,0,2032.64996147159,1,-13.2081049533214,0,13.2081049533214,0
206,213,0.018690515198901,0.118693271046002,0,87.4752511786979,1,4.27498766589926,0,-4.27498766589926,0
207,213,0.0328141347597472,0.169092567576914,0,6.26628099059659,1,6.26628099046104,0,-6.26628099046104,0
205,214,0.234505968225515,0.339253176793252,0,14.5316700391943,1,0.183054242239411,0,-0.183054242239411,0
206,214,0.109519970248856,0.0711186401236925,0,924.10854109993,1,19.276379638855,0,-19.276379638855,0
209,214,0.190250550361739,0.155670084999056,0,908.94327211001,1,-19.4594338810944,0,19.4594338810944,0
206,215,0.0001940632671669,0.002462409253588,0,1430.98282163899,1,536.637108787945,0,-536.637108787945,0
209,216,0.0415211940166936,0.10748085991866,0,44.2467130406426,1,4.5661631259683,0,-4.5661631259683,0
185,217,0.005187277306598,0.0157604210890267,0,298.819704451465,1,121.533442424127,0,-121.533442424127,0
208,217,0.0644711507251794,0.107074507461608,0,571.62059177833,1,12.677215513098,0,-12.677215513098,0
209,217,0.0130447112977431,0.123601982344109,0,1185.24478085565,1,-23.9354312752634,0,23.9354312752634,0
209,218,0.0061412778549358,0.0297022796528946,0,208.418193386292,1,66.2348039779651,0,-66.2348039779651,0
210,218,0.0047474313226961,0.0369822198487104,0,346.737292289242,1,214.820509494871,0,-214.820509494871,0
210,219,0.003908533288789,0.0312989727430225,0,192.282407824966,1,54.8617530870124,0,-54.8617530870124,0
213,219,0.0022046814341017,0.124815341615014,0,68.5344064140168,1,-2.94313789799468,0,2.94313789799468,0
216,221,0.0105600183605116,0.0662721513686751,0,183.965128956221,1,-33.417255447009,0,33.417255447009,0
184,222,0.006492527089427,0.0190578306642559,0,270.21661121119,1,111.6614943547,0,-111.6614943547,0
209,222,0.0036828876035493,0.0328649928685129,0,672.763081797757,1,-13.0641365853542,0,13.0641365853542,0
213,223,0.033795300384709,0.967587692873026,0,2.30658797602584,1,0.27630160103356,0,-0.27630160103356,0
216,225,0.0125759756770414,0.034752330399151,0,405.296576584125,1,-82.5207221239056,0,82.5207221239056,0
219,225,0.0065136685797732,0.0228195514526918,0,378.430109724247,1,82.5207221239056,0,-82.5207221239056,0
219,226,0.210987216628088,0.437533484317577,0,14.5316700391943,1,0.575283580039867,0,-0.575283580039867,0
220,226,0.138301983955682,0.468274372362381,0,14.5316700391943,1,-0.575283580039867,0,0.575283580039867,0
219,227,0.016040674868998,0.376515430626019,0,8.49637974860654,1,1.53978814379245,0,-1.53978814379245,0
184,228,0.0007562367064225,0.0129067509129229,0,321.588797244919,1,-198.591268909666,0,198.591268909666,0
206,228,0.0009119995483412,0.0048326325591238,0,597.056864396765,1,-149.066788463358,0,149.066788463358,0
219,228,0.0196709239873883,0.0262995942277347,0,3005.23645530818,1,-32.7171786587202,0,32.7171786587202,0
220,228,0.013465941255936,0.0097747596983211,0,266.003625569904,1,-141.337992161282,0,141.337992161282,0
224,229,0.0169708963574224,0.0044284754978739,0,422.489840097854,1,-85.949421190751,0,85.949421190751,0
189,230,0.0031286845333315,0.0033186915080856,0,2047.89363217692,1,-433.813201580748,0,433.813201580748,0
220,230,0.0006388207718828,0.0045526648718523,0,372.280469776295,1,141.913275741322,0,-141.913275741322,0
221,230,0.0835096257081822,0.337575829502199,0,14.5316700391943,1,-4.05556251826187,0,4.05556251826187,0
227,230,0.0005899704159898,0.0019848456913672,0,475.923813156238,1,295.955488357688,0,-295.955488357688,0
222,231,0.0049750396838374,0.0204005351502207,0,210.264733788154,1,50.1334411580395,0,-50.1334411580395,0
181,232,0.003369920418725,0.0308571244756033,0,1301.55874455467,1,36.3242166623402,0,-36.3242166623402,0
217,232,0.0113909528782653,0.0484863016371572,0,2376.26204079405,1,17.8019312068073,0,-17.8019312068073,0
222,232,0.0174987044559812,0.0729898621883165,0,1576.04070175688,1,-22.8245970331793,0,22.8245970331793,0
181,233,0.880190324734974,0.456592363107279,0,2.56794829313361,1,-0.276301601033559,0,0.276301601033559,0
223,233,0.0628566438742578,1.02449030189662,0,2.3020238279065,1,0.27630160103356,0,-0.27630160103356,0
228,235,0.0030913992111339,0.0027373325207625,0,506.631990231913,1,-393.995779198867,0,393.995779198867,0
229,235,0.0025236363870501,0.0174753891765722,0,549.265591106573,1,-85.949421190751,0,85.949421190751,0
182,236,0.0018666876721352,0.0160105015264528,0,979.253014636007,1,-95.9991500573918,0,95.9991500573918,0
184,236,0.246876570421684,1.00252585339027,0,14.5316700391943,1,-0.432758670248829,0,0.432758670248829,0
227,236,0.0085797546140337,0.0099308291881553,0,262.166239077815,1,69.3913623933357,0,-69.3913623933357,0
234,236,0.0393398252633092,0.214382501051254,0,27.512828618747,1,-1.53209915621879,0,1.53209915621879,0
181,237,0.001064512518759,0.0220528982171439,0,335.010143209971,1,88.1395550724524,0,-88.1395550724524,0
184,237,0.0205616192769536,0.0736879151193816,0,1084.72363458931,1,17.4375054441537,0,-17.4375054441537,0
232,237,0.0382684759282481,0.892977293587119,0,2.61850104975847,1,0.921492369176623,0,-0.921492369176623,0
234,237,0.0003202100843296,0.075036549129135,0,810.162170672337,1,18.5287029245494,0,-18.5287029245494,0
236,237,0.0048940620385837,0.0621393875422762,0,41.0204305123725,1,27.6601563717768,0,-27.6601563717768,0
183,238,0.0001490667060264,0.0056438026771692,0,1825.54691141624,1,205.517808144324,0,-205.517808144324,0
186,238,0.0055176862770569,0.0516345784388305,0,758.357980934592,1,-30.548047256978,0,30.548047256978,0
187,238,0.0069289136014793,0.0336315543284138,0,141.622946419434,1,-53.8456974623339,0,53.8456974623339,0
232,238,0.0020192574948035,0.0177304725382745,0,1412.65426511793,1,-104.127459656681,0,104.127459656681,0
234,238,0.0071115010956487,0.0752368482518375,0,633.430459910253,1,-16.9966037683306,0,16.9966037683306,0
187,239,0.0105951993919953,0.0485657254591749,0,134.424397772134,1,-28.5700239146194,0,28.5700239146194,0
228,239,0.0011940947877376,0.0072458279166457,0,369.077456756863,1,221.146736679254,0,-221.146736679254,0
184,240,0.0081475375339554,0.05658853801431,0,45.5695394725868,1,2.0048119029905,0,-2.0048119029905,0
189,240,0.0135829187584342,0.0073008628791947,0,499.254457136882,1,-108.302714394105,0,108.302714394105,0
190,240,0.0013808852611767,0.0214889912643691,0,564.562561537071,1,-86.2788102735205,0,86.2788102735205,0
239,240,0.0084016657441488,0.0055781729896362,0,818.320398575855,1,192.576712764635,0,-192.576712764635,0
245,246,0.0023988858886613,0.157805484287892,0,1558.4304533109,1,-15.0619326926642,0,15.0619326926642,0
241,247,0.0032211553292315,0.0290018875405893,0,17.8468754011628,1,5.71794485836115,0,-5.71794485836115,0
246,247,0.0041372838663985,0.0300738209705756,0,115.726609178709,1,-0.755273837826764,0,0.755273837826764,0
241,249,0.0178491254743555,0.094032353506685,0,133.613260529157,1,-2.92851353701281,0,2.92851353701281,0
244,249,0.0092487471277168,0.0347912642654976,0,6.18814348780531,1,-6.18814348250365,0,6.18814348250365,0
246,249,9.28263635556175e-05,0.000553125063503,0,1253.75485451395,1,-838.725660253796,0,838.725660253796,0
243,250,0.0001730168167414,0.0010545060601427,0,1929.3775035181,1,890.492533397109,0,-890.492533397109,0
245,250,0.0006369673608786,0.0051813351055007,0,1973.83353661076,1,636.365735945651,0,-636.365735945651,0
246,250,0.0006404267705649,0.0098538727174163,0,3738.43304225788,1,575.822305928692,0,-575.822305928692,0
248,250,3.68816798647301e-05,0.000525910264672,0,2361.10170750902,1,1050.19791666745,0,-1050.19791666745,0
247,251,0.0132142797524194,0.117714567517747,0,40.4939407730418,1,4.92273354347638,0,-4.92273354347638,0
246,253,0.128670303640335,0.247058608769862,0,14.5316700391943,1,-0.0399374770580135,0,0.0399374770580135,0
247,253,0.138362970325679,0.321679625484862,0,14.5316700391943,1,0.0399374770580108,0,-0.0399374770580108,0
244,254,0.008603089463966,0.0321850581206844,0,218.189238808351,1,36.8871364816932,0,-36.8871364816932,0
242,255,0.0033988919222624,0.0294655829443264,0,132.515757204338,1,46.9754675665021,0,-46.9754675665021,0
249,256,0.0021897021404092,0.0039400262329463,0,434.77010745582,1,-74.3429932075218,0,74.3429932075218,0
254,256,0.0022831332874726,0.0216387917261306,0,277.305975693553,1,-78.3510156996218,0,78.3510156996218,0
242,258,0.0043314644181766,0.0223846742225256,0,208.633131567881,1,27.4233675364231,0,-27.4233675364231,0
244,258,0.013786345866188,0.0399071131557142,0,36.893929508624,1,12.4403267005709,0,-12.4403267005709,0
259,260,0.037729172483712,0.0563869878970553,0,1543.6894520925,1,23.6524019231959,0,-23.6524019231959,0
252,261,0.0013064930332698,0.0074836981813702,0,313.288434594729,1,214.577694435959,0,-214.577694435959,0
254,262,0.0097284478120092,0.0368787361534694,0,4552.25943527741,1,-19.7341407368987,0,19.7341407368987,0
256,263,0.0001908382115331,0.0035863149518244,0,2542.27318068767,1,-177.763865375531,0,177.763865375531,0
254,264,0.019630282758316,0.115269719604965,0,14.5316700391943,1,1.36230684080061,0,-1.36230684080061,0
257,264,0.0207785377967753,0.07476080299937,0,14.0507168319739,1,-2.5733244277741,0,2.5733244277741,0
258,265,0.0088799463829355,0.0443279581992249,0,113.600325506402,1,39.863694236994,0,-39.863694236994,0
259,265,0.0077197205181764,0.130524179530912,0,14.5316700391943,1,4.09123583356439,0,-4.09123583356439,0
264,265,0.498405110032836,0.455235017121443,0,14.5316700391943,1,2.01936648860368,0,-2.01936648860368,0
261,266,0.0043159318128575,0.0918529150249615,0,3480.24796004634,1,-15.3011356865839,0,15.3011356865839,0
259,267,0.0031326803538116,0.0155315844889141,0,279.345785565883,1,-129.123938468911,0,129.123938468911,0
266,267,5.58002312049932e-05,0.0910017165384143,0,639.790792785147,1,-14.2204890802761,0,14.2204890802761,0
263,268,0.0846945610297367,0.348391576581493,0,82.8263529768014,1,4.24532546134982,0,-4.24532546134982,0
264,269,0.086933564827861,0.159838137830343,0,17.3016237728744,1,-3.23038407557718,0,3.23038407557718,0
267,270,0.0014208747772465,0.09412104121097,0,1875.36845209512,1,21.5853821659586,0,-21.5853821659586,0
268,270,0.0091312604785827,0.405727362933637,0,66.3682702040581,1,3.50569413738977,0,-3.50569413738977,0
257,271,0.0012219415280698,0.0410784731039853,0,13.3818117515715,1,2.57332442777416,0,-2.57332442777416,0
270,271,0.0664726724364805,0.0440396795601802,0,8.83637879970482,1,-2.57332442777409,0,2.57332442777409,0
265,272,0.0247838751102533,0.019920650700963,0,121.87998224022,1,45.974296559162,0,-45.974296559162,0
254,273,0.0005467544119868,0.0061625656128708,0,366.611024572152,1,-219.800995001828,0,219.800995001828,0
262,273,0.0227418489903357,0.0317605865073025,0,2248.98450558833,1,-19.7341407368987,0,19.7341407368987,0
266,273,0.19698306953125,1.09697422647584,0,7.90514173102,1,-1.0806466063078,0,1.0806466063078,0
268,275,1.03261298563742,0.948941101134563,0,14.5316700391943,1,0.739631323960054,0,-0.739631323960054,0
270,275,0.0279465302407175,0.248005044000143,0,249.436649715302,1,-2.90514040763776,0,2.90514040763776,0
269,276,0.0869944025313158,0.161807562987012,0,21.3687899453799,1,-3.23038407557717,0,3.23038407557717,0
273,276,0.108876557081508,0.146277228984114,0,22.0748315087511,1,3.23038407557717,0,-3.23038407557717,0
269,278,0.0966346690468849,0.50945903200143,0,14.5316700391943,1,0.0,0,0.0,0
270,279,0.0172698004520049,0.0996912835598276,0,1237.14729586888,1,-16.7162401600134,0,16.7162401600134,0
274,279,0.0116241633879386,0.0688128479650067,0,988.49829068117,1,25.0904775711361,0,-25.0904775711361,0
277,279,0.11664930329127,0.126457399176853,0,1577.5195433951,1,-25.5492260602681,0,25.5492260602681,0
270,280,0.0127541325984396,0.018219948680572,0,385.639767865731,1,-126.947513059735,0,126.947513059735,0
277,280,0.0025297686819514,0.0247264392042279,0,903.436089582499,1,-156.812001184891,0,156.812001184891,0
244,281,0.0310487477349548,0.322174807651748,0,404.039770658939,1,12.8251981806268,0,-12.8251981806268,0
248,281,3.02910144203645e-05,0.0013516725046365,0,1330.0852283118,1,-916.228549332538,0,916.228549332538,0
270,281,0.0021097979458399,0.0060497456948264,0,3596.62500574431,1,392.791382578475,0,-392.791382578475,0
275,281,0.0005427676966455,0.0237846010224605,0,285.247608878699,1,130.200941668833,0,-130.200941668833,0
277,281,0.0012567749337864,0.0025261588394413,0,2828.21448411168,1,321.38229881922,0,-321.38229881922,0
242,282,0.0023078361917019,0.0067183022438704,0,181.578368741121,1,-71.0005170453159,0,71.0005170453159,0
270,283,0.0139027308913393,0.0147760168870398,0,1652.00431395047,1,-218.558088219965,0,218.558088219965,0
273,283,8.84408715351247e-05,0.0053252065613659,0,517.254035206347,1,-245.328849530706,0,245.328849530706,0
279,284,0.0027475791712722,0.0965217546962786,0,154.339820928722,1,-14.7113330789841,0,14.7113330789841,0
283,284,0.0210793784450523,0.0482665413234978,0,1427.75193169994,1,2.96252596240402,0,-2.96252596240402,0
275,285,0.0029758741396406,0.0071110658448474,0,1772.32621944667,1,-156.611150224263,0,156.611150224263,0
277,285,0.0055810450832352,0.025584651778765,0,1425.00955174909,1,-132.836942476682,0,132.836942476682,0
282,285,0.192301033141048,0.213418959610723,0,26.5026786431744,1,2.41737970371188,0,-2.41737970371188,0
277,286,0.0140606977552297,0.605919027815222,0,129.36719706942,1,-6.18412909737903,0,6.18412909737903,0
279,286,0.117932982589798,0.209523124196679,0,140.041042359497,1,-2.46365557016132,0,2.46365557016132,0
263,287,0.0015558855342461,0.0031692404506339,0,3075.96191251828,1,-182.009190836881,0,182.009190836881,0
280,287,0.0154408854037804,0.0675122598477216,0,96.2201812714387,1,-17.2597597493751,0,17.2597597493751,0
282,287,0.0002288981480482,0.354418936862508,0,36.2742415932986,1,-3.18308674732645,0,3.18308674732645,0
286,288,0.0016702294686284,0.0292327247458521,0,940.534745555537,1,-78.4669916850244,0,78.4669916850244,0
287,289,0.0121339651313232,0.0184785863091021,0,552.250222085222,1,82.4851397729146,0,-82.4851397729146,0
288,290,0.0012233943390546,0.0036306716320887,0,4836.75985563632,1,-382.93262091741,0,382.93262091741,0
241,291,0.0125627160509069,0.0616091239003894,0,330.368287382913,1,-2.78943132134832,0,2.78943132134832,0
284,292,0.0001544909570739,0.0086830132072073,0,209.584927620377,1,84.7158172526495,0,-84.7158172526495,0
291,292,0.000393991689908,0.0057061132147928,0,184.839999662095,1,-84.7158172526494,0,84.7158172526494,0
242,293,0.0126974895929109,0.0378372011815328,0,3555.24292661498,1,-3.39831805760902,0,3.39831805760902,0
244,293,0.0035313582277607,0.0178543086325661,0,3855.50229900865,1,-13.7775408805012,0,13.7775408805012,0
284,293,0.0246610203726461,0.0806699506713512,0,26.2430481045335,1,13.4470253573378,0,-13.4470253573378,0
286,293,0.0009151096752872,0.0485406488736776,0,278.746354371782,1,3.72883358077237,0,-3.72883358077237,0
294,295,0.0006819582999288,0.003075899858584,0,657.036869263067,1,-529.05449528845,0,529.05449528845,0
286,296,0.0017470648904797,0.0280717391521941,0,299.289343050494,1,66.0903734367116,0,-66.0903734367116,0
243,297,0.0009612557178731,0.0010825451683136,0,855.863031591185,1,-732.777700714149,0,732.777700714149,0
254,297,0.0310902726893662,0.0688462554680988,0,140.144428270564,1,43.6217943158124,0,-43.6217943158124,0
294,297,0.0006785039717802,0.0030617114430834,0,571.285416641725,1,529.054495288449,0,-529.054495288449,0
243,298,0.0029504028446313,0.0184075829396783,0,385.632406587882,1,-157.714832682959,0,157.714832682959,0
245,298,0.001334701294335,0.000844868080461,0,2701.26888956122,1,-645.017277156241,0,645.017277156241,0
246,298,0.0135108271735159,0.011064708526008,0,241.687880814934,1,165.562524286686,0,-165.562524286686,0
248,298,0.0049134046335116,0.0298384845444533,0,953.830860661815,1,-110.255893431663,0,110.255893431663,0
254,298,0.0022835080476432,0.0028836167611379,0,2214.60372592275,1,309.78918676343,0,-309.78918676343,0
291,298,0.0006623418165665,0.005009412374724,0,722.923608330761,1,437.636292220741,0,-437.636292220741,0
245,299,0.0669053277154801,0.0067818189672068,0,2970.85619669212,1,23.7134739032529,0,-23.7134739032529,0
248,300,0.0250488064573887,0.0617719445121048,0,1128.53650481463,1,-23.7134739032528,0,23.7134739032528,0
299,300,0.0485236423585846,0.0471995957492511,0,717.952037602503,1,23.7134739032528,0,-23.7134739032528,0
32,62,0.0074237274838615,0.0436036930856887,0,868.439017343684,1,16.795784674162,0,-16.795784674162,0
39,62,0.0286558773978386,0.048534095873398,0,3720.8336055224,1,-22.9672717889563,0,22.9672717889563,0
24,78,0.000659321245052,0.331172845067126,0,14.5316700391943,1,-2.21474366799779,0,2.21474366799779,0
27,74,0.0002918008190544,0.0044988015054569,0,2906.9536175681,1,287.083210242983,0,-287.083210242983,0
89,176,0.0013608291756685,0.0071542064148776,0,1252.20368891679,1,132.546016405827,0,-132.546016405827,0
95,124,0.0106457464238748,0.0046231023828626,0,374.358823043377,1,126.673635323839,0,-126.673635323839,0
113,142,0.0015299834733709,0.0057101528302125,0,479.895569081401,1,242.640199720026,0,-242.640199720026,0
106,155,0.0006117100589881,0.0065571001188703,0,531.272923170842,1,232.134825802707,0,-232.134825802707,0
142,221,0.0023320650533112,0.0038653996877041,0,1337.10051050204,1,-274.51850741039,0,274.51850741039,0
121,203,0.0033628839165174,0.0013999636541202,0,1321.64210142941,1,-397.44365589012,0,397.44365589012,0
176,182,0.0009414309478888,0.0666185399226012,0,4967.17429200401,1,-46.8773880225698,0,46.8773880225698,0
153,215,0.0030134297074549,0.0076295833183317,0,512.032368862634,1,-259.389827192697,0,259.389827192697,0
224,283,6.12246159918208e-05,0.0051141744973125,0,711.64274820738,1,466.849463713075,0,-466.849463713075,0
189,249,0.0001605485517618,0.0012706059653562,0,1003.45082650886,1,773.499324065793,0,-773.499324065793,0
186,274,0.0650109231656937,0.010830715319244,0,927.049256039613,1,25.0904775711361,0,-25.0904775711361,0
237,252,7.16159695069353e-06,0.0076199098101094,0,304.908106888203,1,214.577694435959,0,-214.577694435959,0
282,46,0.0029447768004275,0.0124088724807399,0,167.163046572635,1,-70.2348100017016,0,70.2348100017016,0
287,25,0.0001634896869011,0.0022368602206142,0,1057.99859213213,1,-284.937177106496,0,284.937177106496,0
290,40,0.0211042336322635,0.118639736082778,0,576.737603760113,1,32.1747876628003,0,-32.1747876628003,0
275,51,5.6560451676895e-05,0.0013724754305687,0,2223.14356563149,1,-671.537141105063,0,671.537141105063,0
