from_bus,to_bus,resistance,reactance,susceptance,line_rating,line_status,P_from,Q_from,P_to,Q_to
4,5,0.0073534417473688,0.0322501061107901,0,150.921243152629,1,48.0091228308073,0,-48.0091228308073,0
1,6,0.0608006710799618,0.0329737268838115,0,88.9105183827219,1,5.85711522015595,0,-5.85711522015595,0
4,6,0.0009440429164323,0.0420930818824533,0,86.9751780237746,1,-5.85711522015604,0,5.85711522015604,0
3,7,0.033059748152082,0.222351065502677,0,23.9004000732683,1,-1.90866296687164,0,1.90866296687164,0
5,11,0.0091526580327247,0.032319499886187,0,124.848315979296,1,48.0091228308073,0,-48.0091228308073,0
8,11,0.0297406630027491,0.0682248784197443,0,565.996865330806,1,20.3089471079418,0,-20.3089471079418,0
10,11,0.0215747405997572,0.0176047280778695,0,255.792501559329,1,-68.3180699387488,0,68.3180699387488,0
3,12,0.0147419989761577,0.119527359674651,0,19.0580340532629,1,0.52894974850628,0,-0.52894974850628,0
4,12,0.186287987745374,0.568335812768764,0,20.5358401374262,1,2.18831947906596,0,-2.18831947906596,0
8,13,0.0239244924922204,0.0552470294611888,0,605.119472547086,1,22.8490369485966,0,-22.8490369485966,0
3,14,0.0052487389911709,0.0806086787155327,0,33.0044225359842,1,1.37971321836532,0,-1.37971321836532,0
9,16,8.01552631996872e-05,0.0213209503389481,0,1245.53905823998,1,100.47249155074,0,-100.47249155074,0
10,16,0.00141606081387,0.0231561646426532,0,550.021453528862,1,-90.8824463062562,0,90.8824463062562,0
13,16,0.0026364956918286,0.0811814538990365,0,209.025068438612,1,-9.59004524448428,0,9.59004524448428,0
7,17,0.0606065132191026,0.473666697704699,0,5.34443478590332,1,-1.17207366891308,0,1.17207366891308,0
8,17,0.0186059623867891,0.0350675286845572,0,81.6992633106105,1,-43.1579840565382,0,43.1579840565382,0
14,17,0.0025048434762456,0.0257527045862247,0,149.107367003007,1,-42.3560315568701,0,42.3560315568701,0
10,18,0.0004458472935753,0.003251029733172,0,499.6414704864,1,379.766104782186,0,-379.766104782186,0
13,19,0.008386053954427,0.0373898617934792,0,438.159920537403,1,-79.3358358387221,0,79.3358358387221,0
10,20,0.009892229165391,0.0066076204936943,0,367.558311726449,1,-214.050589962676,0,214.050589962676,0
12,20,0.000612012385186,0.0048468640533524,0,1626.28066618352,1,339.309247538586,0,-339.309247538586,0
20,21,0.0286242679379189,0.0564934758066227,0,97.5883722620642,1,-47.4864718456874,0,47.4864718456874,0
13,22,0.000104678597511,0.0131740564140179,0,116.962724542706,1,111.774918031803,0,-111.774918031803,0
15,24,2.78593007533707e-05,0.0039919988796173,0,1054.47440962654,1,444.362015073882,0,-444.362015073882,0
21,24,0.0057626791352323,0.0152079277902905,0,1006.82545675378,1,105.362841077314,0,-105.362841077314,0
23,24,0.0234472556131184,0.0744890801030119,0,17.3731645204476,1,3.84463152428491,0,-3.84463152428491,0
23,26,0.0326116124692598,0.396014795930624,0,3.67156916719377,1,1.69808378649064,0,-1.69808378649064,0
19,28,4.99360709794462e-06,0.0049627831770039,0,2512.06485611416,1,353.522567982568,0,-353.522567982568,0
22,28,0.040710469105042,0.0876639714796057,0,1458.69899159943,1,-30.6218063671978,0,30.6218063671978,0
24,28,0.0262672359751733,0.122646014388333,0,8.26304395998568,1,-0.351945588389291,0,0.351945588389291,0
27,29,0.0010380849717929,0.0036885960689669,0,6019.4779074823,1,3520.16917449477,0,-3520.16917449477,0
23,30,0.0142613935956328,0.0250577178525195,0,84.2891726383553,1,-48.213590517361,0,48.213590517361,0
26,30,0.0044012435724857,0.0284060125185752,0,139.031170834438,1,-66.2039014026126,0,66.2039014026126,0
22,31,0.001675897916898,0.0344056525392897,0,42.6708752065836,1,-42.6708752065852,0,42.6708752065852,0
23,31,0.0007391822595779,0.0342043182601314,0,58.835505595577,1,42.6708752065855,0,-42.6708752065855,0
25,32,0.339942254504963,0.315410780721482,0,19.0580340532629,1,-0.781913143375818,0,0.781913143375818,0
30,32,0.0042208426222803,0.0146991079528802,0,745.849351175257,1,-114.86014584321,0,114.86014584321,0
25,33,0.0136633300516398,0.806021067975133,0,19.0580340532629,1,0.781913143375809,0,-0.781913143375809,0
32,33,0.0085897542046974,0.231160730808678,0,3.79330130523428,1,3.7933013052371,0,-3.7933013052371,0
9,34,0.008722483713396,0.0090864115027631,0,342.390101426412,1,-129.291684139633,0,129.291684139633,0
17,34,0.001105095605784,0.0149667922655128,0,760.846550857182,1,-88.1762090316579,0,88.1762090316579,0
26,35,0.0010791927245696,0.0109298193950077,0,315.422942784159,1,-163.636715882002,0,163.636715882002,0
30,35,0.0045329917237107,0.207993414732663,0,35.5196148157068,1,0.442653923235947,0,-0.442653923235947,0
33,35,0.0957521788124011,0.159996841131191,0,13.2203154956289,1,5.6472895088883,0,-5.6472895088883,0
33,36,0.0274516496167234,0.453352661027289,0,9.01322586349976,1,-1.07207506027535,0,1.07207506027535,0
34,36,0.401348940810022,0.125692531240266,0,8.95946751930781,1,1.07207506027533,0,-1.07207506027533,0
34,38,6.28805700005963e-05,0.0023944046804318,0,1030.82962548673,1,463.109502034849,0,-463.109502034849,0
34,39,0.0139125712975496,0.0141933900952538,0,904.154314177887,1,-102.199525096728,0,102.199525096728,0
37,39,1.25716235471451e-06,0.0114273778393652,0,665.729192042053,1,157.006895840715,0,-157.006895840715,0
32,41,0.0034411196958489,0.0363061011413394,0,167.870321165557,1,7.13487802828996,0,-7.13487802828996,0
15,43,9.99673135780906e-05,0.0031942965744854,0,1013.76018597645,1,-465.581360860553,0,465.581360860553,0
19,43,0.0066529248857232,0.0054804287165434,0,937.34567723462,1,-267.036962139522,0,267.036962139522,0
34,43,0.262758177169511,0.551878191323327,0,2.60260096023818,1,-0.60580887876685,0,0.60580887876685,0
34,44,0.0103739191774134,0.0208443555251359,0,1892.1518263221,1,-30.2270849872022,0,30.2270849872022,0
37,45,0.0018657623886776,0.0380883842945708,0,165.818029543918,1,51.4630638662618,0,-51.4630638662618,0
44,45,0.0211786095800502,0.0503258837978391,0,1069.45340597554,1,-13.0057485440007,0,13.0057485440007,0
12,46,1.34009039044115e-05,0.0037951933523844,0,3604.23817254432,1,-364.777232946051,0,364.777232946051,0
40,46,0.0178832173607374,0.0471017214857301,0,1649.8147144904,1,19.2591240669432,0,-19.2591240669432,0
29,47,0.0001841032279422,0.0002654658878453,0,3965.84513690156,1,1534.8436180394,0,-1534.8436180394,0
37,47,0.0103300400894437,0.045371540670132,0,105.991121517294,1,46.8016743081737,0,-46.8016743081737,0
40,47,0.0055307402066905,0.005767986894958,0,557.572537228621,1,-206.699018763791,0,206.699018763791,0
43,47,2.97468312264236e-05,0.0009088417214942,0,4640.77296518007,1,-865.86921923701,0,865.86921923701,0
40,48,0.113844075233854,0.152221414080058,0,5.11531904438055,1,0.154434074798804,0,-0.154434074798804,0
29,49,7.45467466984949e-06,0.0001854496813427,0,8757.01034888214,1,1695.45360533974,0,-1695.45360533974,0
34,49,4.55557384694283e-05,0.0022120683189173,0,1807.62757932257,1,-548.942391445137,0,548.942391445137,0
41,49,0.0058668019541455,0.0126753881711247,0,1733.38452830575,1,-96.0329788267933,0,96.0329788267933,0
42,49,0.0232038557217356,1.94735112601269,0,19.0580340532629,1,0.0,0,0.0,0
44,49,0.008074826987336,0.0235852786512682,0,909.423570227109,1,-24.7711284527633,0,24.7711284527633,0
45,49,0.129168780994403,0.0394609205326522,0,11.1224100335201,1,1.78130215706314,0,-1.78130215706314,0
46,49,0.001850981586127,0.0134770339913658,0,953.491676971297,1,-162.676923098951,0,162.676923098951,0
43,50,0.0023922333709198,0.0190008383811217,0,416.47349827479,1,132.645087358172,0,-132.645087358172,0
45,51,0.001066806314693,0.0599393106509635,0,1077.41063007245,1,36.676013165198,0,-36.676013165198,0
47,51,0.0012602901188962,0.0083233326398719,0,787.391132398903,1,244.495314414056,0,-244.495314414056,0
48,51,0.0283144245347874,0.0751662533767619,0,230.119198197568,1,10.8994447544635,0,-10.8994447544635,0
1,52,0.0231482315023687,0.417847621072301,0,17.2253536952174,1,-2.2012373128419,0,2.2012373128419,0
44,52,0.003802018876859,0.0922939244157732,0,51.0506374321638,1,4.2192542436672,0,-4.2192542436672,0
9,53,0.008093915927999,0.0330364370724965,0,27745.1168236753,1,28.8191925888935,0,-28.8191925888935,0
19,53,0.0063862157022915,0.413613183894098,0,27.0404057636213,1,2.41224554701352,0,-2.41224554701352,0
24,53,0.0113035379230268,0.0340596916876921,0,1220.46001501925,1,-23.4847697117312,0,23.4847697117312,0
1,54,0.080788714943392,0.17815821874216,0,34.2640288814183,1,-3.65587790731403,0,3.65587790731403,0
34,54,0.232313367511988,0.0854628784926829,0,19.0580340532629,1,0.325340141419206,0,-0.325340141419206,0
44,54,0.0373223818376342,0.19752624266066,0,34.2223240681591,1,3.33053776589487,0,-3.33053776589487,0
21,55,0.0019229623125788,0.0162541621383434,0,272.947890273866,1,128.494112676792,0,-128.494112676792,0
53,55,0.0038376069431752,0.166019456068611,0,133.917876284793,1,7.7466684241756,0,-7.7466684241756,0
2,56,0.0017792489625284,0.0014675608078352,0,1610.024529869,1,-506.952924186784,0,506.952924186784,0
4,56,0.0027708979821137,0.0425696949949922,0,97.6341900915069,1,-44.3403270897171,0,44.3403270897171,0
46,56,0.0010171061871979,0.0428316320398987,0,75.8721898708825,1,-40.784212908694,0,40.784212908694,0
48,56,0.102408655508613,0.0803372561893764,0,243.98050901858,1,-10.7450106796647,0,10.7450106796647,0
49,56,0.0005387818411199,0.0005151966980711,0,2287.43285926432,1,864.81148567413,0,-864.81148567413,0
50,56,0.0315252708749579,0.039783983460258,0,396.573071553305,1,-74.2707228587565,0,74.2707228587565,0
1,57,0.014834795469462,0.453761184658966,0,19.0580340532629,1,0.0,0,0.0,0
50,58,0.0005898571761305,0.0108250194425018,0,372.24252924353,1,206.915810216929,0,-206.915810216929,0
7,59,0.197225794742615,0.228759059910159,0,9.51691017092524,1,-0.736589297958545,0,0.736589297958545,0
17,59,0.866348707177884,0.259489741714978,0,19.0580340532629,1,1.49011974933686,0,-1.49011974933686,0
59,60,0.0889744258337225,0.321507725645399,0,6.08036570652228,1,0.753530451378337,0,-0.753530451378337,0
61,62,0.0015993396341829,0.0346145430459202,0,415.411939181996,1,126.570238320112,0,-126.570238320112,0
61,63,3.0030129006599e-05,0.0024147436780083,0,819.066687259966,1,-637.234313493562,0,637.234313493562,0
61,65,0.377014629835919,1.33696561988915,0,19.0580340532629,1,0.0,0,0.0,0
62,66,1.29345508323024,0.933973622321582,0,19.0580340532629,1,0.0,0,0.0,0
61,67,0.0002954178872665,0.0028720574038821,0,918.792077966662,1,360.04558325995,0,-360.04558325995,0
67,71,0.0024722539525546,0.0159347820634289,0,889.289366582897,1,341.036877147257,0,-341.036877147257,0
69,73,0.0017531983459134,0.0086594306864165,0,783.220955188913,1,-243.267160571241,0,243.267160571241,0
72,73,0.000763805132339,0.0120279776521357,0,565.965911917826,1,207.928050982123,0,-207.928050982123,0
72,74,0.0052699774059699,0.0291983416255335,0,132.571811056361,1,36.2566912182687,0,-36.2566912182687,0
73,75,0.0024445220187509,0.0101490631300867,0,320.494842700037,1,-138.957861797224,0,138.957861797224,0
71,76,0.0045948704060844,0.0078739828187039,0,983.305087298369,1,341.036877147257,0,-341.036877147257,0
73,76,0.0016797898951848,0.0116445565329884,0,2077.38188388522,1,-210.134638560547,0,210.134638560547,0
74,76,0.0008032246943635,0.0037038041425996,0,563.370021018967,1,-271.236260211541,0,271.236260211541,0
73,77,0.022128939222901,0.269197360822166,0,10.5056936977898,1,1.28749009325507,0,-1.28749009325507,0
74,77,0.0047971396484729,0.0453777487793205,0,1376.85334628419,1,39.4225733398834,0,-39.4225733398834,0
78,79,0.0007007070197713,0.0065995627638512,0,270.388354207756,1,-169.440498004096,0,169.440498004096,0
72,80,0.0020118940229314,0.0292777956223103,0,527.334871607415,1,-56.8652659635771,0,56.8652659635771,0
79,80,0.0088136179938046,0.0650815361784669,0,1545.4880303552,1,-23.4292804227088,0,23.4292804227088,0
75,81,0.0071648793681353,0.0261112606266891,0,52.335189575491,1,-52.3351895754772,0,52.3351895754772,0
80,81,0.297095274461457,0.75047900115049,0,34.3213217279905,1,1.8508361945788,0,-1.8508361945788,0
72,82,0.0001250098340786,0.0073118419322033,0,257.170128132735,1,-187.319476236815,0,187.319476236815,0
79,82,0.0060482089399811,0.0084210949542789,0,847.386903319631,1,-146.011217581387,0,146.011217581387,0
74,84,0.000960103433683,0.0010706076764876,0,1514.50653763024,1,811.941137156583,0,-811.941137156583,0
78,84,0.0035331726426789,0.0056052039152007,0,268.202042986535,1,169.440498004096,0,-169.440498004096,0
74,85,0.0005644540834193,0.0024247357065139,0,1639.95434725114,1,-501.228948490747,0,501.228948490747,0
75,85,0.0061704579217984,0.0144000904014081,0,644.591521553671,1,-86.6226722217467,0,86.6226722217467,0
83,87,0.0230385106720762,0.079849825343863,0,212.628821487715,1,-9.87746121384023,0,9.87746121384023,0
83,88,0.0035774558132478,0.018289374913927,0,663.735363516325,1,-74.8416761212692,0,74.8416761212692,0
81,89,0.0235826454936645,0.0029618960201369,0,356.661744292709,1,175.506446983374,0,-175.506446983374,0
83,89,0.0001600080791777,0.0121428941142882,0,1611.23954046472,1,84.7191373351095,0,-84.7191373351095,0
87,89,0.0035674544568285,0.0282909664874962,0,401.358173340557,1,64.2413212600304,0,-64.2413212600304,0
87,90,0.0037546004381512,0.0230644380221154,0,551.710705808961,1,-74.1187824738708,0,74.1187824738708,0
86,92,0.0527682239107122,0.282695803684258,0,111.342127116328,1,13.9438216464225,0,-13.9438216464225,0
91,92,0.0601429623892084,0.0206134996241107,0,550.022402992141,1,5.36745736520752,0,-5.36745736520752,0
90,94,0.0017549487443462,0.0114940829508193,0,408.495575893713,1,-38.6631966285785,0,38.6631966285785,0
90,95,0.023258583395604,0.0572777113782879,0,235.868280830173,1,4.42584721472206,0,-4.42584721472206,0
91,95,0.0620590050724015,0.0061014412311962,0,226.824252685622,1,-4.42584721472201,0,4.42584721472201,0
88,96,0.198413636845169,0.372607258141294,0,59.8859663890812,1,5.63927979759085,0,-5.63927979759085,0
90,96,0.622737062403506,0.719933593835278,0,44.0788565697505,1,4.48742877756538,0,-4.48742877756538,0
92,96,0.0246358209217644,0.147038536327612,0,1535.87675637026,1,19.3112790116302,0,-19.3112790116302,0
94,97,0.0002396221108288,0.0099284153793652,0,414.102354396199,1,220.806575486219,0,-220.806575486219,0
61,98,0.0570689404519566,0.158673434740877,0,120.761572176537,1,22.3568283849323,0,-22.3568283849323,0
90,99,0.0942169108138526,0.44520082710555,0,33.4089717684116,1,-1.01258027810239,0,1.01258027810239,0
88,100,0.000969571227513,0.029824853981689,0,444.728423545142,1,-69.4352125691121,0,69.4352125691121,0
93,100,0.0114850693056508,0.0489162766313825,0,144.573834590979,1,144.573834590977,0,-144.573834590977,0
99,100,0.0033882022320885,0.0676782908612701,0,32.6762156801587,1,-7.25017356163136,0,7.25017356163136,0
91,101,0.0035252070505059,0.0849331132317237,0,508.774755587245,1,-48.9987106421298,0,48.9987106421298,0
93,101,0.0025081512511385,0.0843366686928954,0,955.127872438977,1,48.9987106421298,0,-48.9987106421298,0
86,102,0.11555141376895,0.0524372126642933,0,127.476304885704,1,-16.144191182292,0,16.144191182292,0
93,102,0.0061056371945449,0.0751325811281769,0,750.010543123623,1,48.1312745812288,0,-48.1312745812288,0
94,103,0.0066182660926138,0.0248516762032783,0,346.965587301925,1,-39.0317465865575,0,39.0317465865575,0
100,103,0.0001286795019988,0.0110923289551992,0,1754.18628381495,1,-42.634994553408,0,42.634994553408,0
98,105,0.0113040273150803,0.130974739446883,0,152.819008721981,1,24.5571979208017,0,-24.5571979208017,0
80,107,0.0011913456399973,0.008515675731183,0,539.029877616294,1,-186.605758791447,0,186.605758791447,0
88,107,0.0878480121357788,0.0996199761431951,0,2312.58035064877,1,-11.0457433497479,0,11.0457433497479,0
99,107,0.0075683668731417,0.0769269508552046,0,19.0580340532629,1,6.23759328352895,0,-6.23759328352895,0
100,108,0.351169856890871,0.0324242613950988,0,4.00041536057409,1,2.66505417345826,0,-2.66505417345826,0
105,108,0.0073772042149756,0.676221884008118,0,3.7493425516975,1,-2.66505417345827,0,2.66505417345827,0
100,109,0.0001086832000399,0.0023872903740588,0,1489.74520624411,1,528.361891710988,0,-528.361891710988,0
107,109,0.0002807818867221,0.0295164051772147,0,9426.07284126005,1,9.85332967478492,0,-9.85332967478492,0
86,110,0.0358538233877274,0.289032668232386,0,4.37350950333425,1,2.20036953586947,0,-2.20036953586947,0
98,110,0.0147979070769271,0.293341408083588,0,4.08253991582708,1,-2.20036953586947,0,2.20036953586947,0
102,111,0.000717399517576,0.059344103957406,0,148.764698976491,1,31.9870833989367,0,-31.9870833989367,0
104,112,0.0002848891523044,0.0948683062449899,0,1551.39302683783,1,-3.10181428416312,0,3.10181428416312,0
105,112,0.0006106700760172,0.094483914560758,0,168.008829267142,1,27.22225209426,0,-27.22225209426,0
107,112,0.10274639110671,0.243159824825304,0,46.0437235829011,1,14.3532218933343,0,-14.3532218933343,0
104,113,1.40928524715792e-05,0.0015868670413099,0,4402.12608327684,1,-668.14077273544,0,668.14077273544,0
107,114,0.0023539797929254,0.0677152112362953,0,2805.8799989835,1,53.9446914256541,0,-53.9446914256541,0
64,115,0.0116374408858897,0.215401254150711,0,1189.50965134019,1,29.9340323267578,0,-29.9340323267578,0
106,115,0.0046115400447923,0.0085536730273283,0,388.612438370527,1,-223.054218724529,0,223.054218724529,0
112,115,0.00053963575435,0.0520480363445452,0,981.716760156938,1,38.4736597034312,0,-38.4736597034312,0
107,116,0.0015828811200495,0.0044914255850027,0,1861.43560688268,1,-269.565151851438,0,269.565151851438,0
61,117,0.0490369460839281,0.228371079789157,0,35.7430450180704,1,18.7564431118011,0,-18.7564431118011,0
64,117,0.0073558549135536,0.0202810450160858,0,5559.61778067631,1,-29.9340323267579,0,29.9340323267579,0
67,117,0.0092612187459363,0.170940492427282,0,19.0580340532629,1,19.0087061126924,0,-19.0087061126924,0
111,117,0.149743261017009,0.54648044446227,0,19.0580340532629,1,1.76720720070885,0,-1.76720720070885,0
116,117,0.0116510195679995,0.036629767742064,0,1001.84829649405,1,-9.59832409844457,0,9.59832409844457,0
116,118,0.0005101324366779,0.0375295975989906,0,301.670393107433,1,83.5895778586467,0,-83.5895778586467,0
111,119,0.0065933745473556,0.19466968447211,0,143.774193641618,1,30.2198761982279,0,-30.2198761982279,0
113,119,0.0006974603091534,0.0174213686729002,0,1134.34827676097,1,36.2022743372926,0,-36.2022743372926,0
114,119,9.87173761481907e-05,0.0115415270002676,0,411.710197868173,1,-25.8235144667482,0,25.8235144667482,0
115,119,0.001299846680726,0.013823601602989,0,886.030584690224,1,-154.64652669434,0,154.64652669434,0
118,119,0.001090825150579,0.0125252819409103,0,307.612359096171,1,114.047890625568,0,-114.047890625568,0
68,120,0.0006042740774462,0.0034999508748621,0,737.49046377019,1,710.346655285461,0,-710.346655285461,0
70,120,0.225886717727551,1.90059444831626,0,19.0580340532629,1,0.0,0,0.0,0
113,120,0.0001261927070199,0.0022046107235588,0,2114.80707124763,1,-682.492144537318,0,682.492144537318,0
118,120,0.0101338238706779,0.0232068233449695,0,230.073391731832,1,-30.4583127669213,0,30.4583127669213,0
121,123,0.0185139871158079,0.0263642442205632,0,367.512502449641,1,-61.5284928729003,0,61.5284928729003,0
121,126,0.0139504409199848,0.287168831360085,0,19.0580340532629,1,-0.335094213359011,0,0.335094213359011,0
122,128,0.0319554400129845,0.297167554975765,0,26.9551429446081,1,-9.45424783075181,0,9.45424783075181,0
127,130,0.0013077659502129,0.0041016854972239,0,2154.37257564393,1,-345.892705671461,0,345.892705671461,0
123,132,0.0060481357559355,0.0276480636450986,0,478.195585459157,1,-126.932404809821,0,126.932404809821,0
125,132,0.0001193436541638,0.0009709276533535,0,999.719066748536,1,738.899965492087,0,-738.899965492087,0
130,132,0.0003975792859063,0.0100287300223829,0,458.433754998494,1,-297.451945917988,0,297.451945917988,0
122,133,0.0058801235261431,0.0215625795880297,0,568.143345537512,1,-75.7271513832542,0,75.7271513832542,0
130,135,0.0257180534128614,0.115874690711451,0,3201.63316073809,1,-4.2923330553327,0,4.2923330553327,0
131,135,0.0743315421992746,0.136809029157557,0,33.8395395551644,1,-10.5382482599794,0,10.5382482599794,0
134,136,0.0001206455811626,0.0019809244846884,0,3112.59751816778,1,-625.047050580125,0,625.047050580125,0
133,137,0.445195600185724,0.0640460068426957,0,702.883051465303,1,-21.947235385504,0,21.947235385504,0
134,138,7.84454891074389e-05,0.0011520594416582,0,1058.40181769318,1,761.574099222921,0,-761.574099222921,0
137,138,0.032151652637503,0.0331283395815246,0,72.5488224514263,1,3.82005679805246,0,-3.82005679805246,0
129,139,0.415238088398784,0.702977663495785,0,8.84306905671656,1,-1.9830226585079,0,1.9830226585079,0
135,139,0.0036584872833753,0.0125190617586549,0,2273.75572273643,1,-151.889352762671,0,151.889352762671,0
135,140,0.012346000685237,0.0645318823371872,0,1906.90026011582,1,-4.54795687760567,0,4.54795687760567,0
133,141,0.0014665872318365,0.0225046409894042,0,443.663446832831,1,-49.0794140738439,0,49.0794140738439,0
134,142,0.0004688440049883,0.0130080374239995,0,675.16051010455,1,-267.590529676389,0,267.590529676389,0
139,142,2.81315856647328e-05,0.0007752317486873,0,606.930605462489,1,-286.661791228906,0,286.661791228906,0
133,143,0.117572913375157,1.35995765552836,0,10.8043958774133,1,-4.70050192390652,0,4.70050192390652,0
141,144,0.0064301445176889,0.0230293896648591,0,255.39304899545,1,-29.6165414779467,0,29.6165414779467,0
129,145,0.280069793843141,0.703528767596019,0,5.56663654681154,1,1.9830226585079,0,-1.9830226585079,0
137,145,0.0091828265543731,0.0473581261260419,0,511.174065400975,1,-25.7672921835565,0,25.7672921835565,0
139,146,0.0055251412057144,0.0408300179506122,0,870.252105391577,1,40.3337529607099,0,-40.3337529607099,0
141,146,0.0037500527118202,0.136861355835202,0,150.113362737439,1,-19.4628725958973,0,19.4628725958973,0
145,146,0.0027904233803376,0.0280558846454011,0,2832.6384638941,1,-40.7153892749569,0,40.7153892749569,0
144,147,0.0030439583326311,0.0150050106539103,0,1456.74595427812,1,-31.7729779252312,0,31.7729779252312,0
145,149,0.166858348492861,0.0339532114097734,0,1081.1541399934,1,16.9311197499083,0,-16.9311197499083,0
147,150,0.0016553633632364,7.50648693866821e-05,0,3105.99199443212,1,-230.215093450488,0,230.215093450488,0
131,151,0.030689532250593,0.232158111512168,0,19.0580340532629,1,7.22843452961162,0,-7.22843452961162,0
134,151,0.0099849068053951,0.0134498267116612,0,5749.66415481784,1,131.063481033599,0,-131.063481033599,0
144,152,0.0020936182318652,0.0294250766688868,0,890.03663457347,1,-0.447365571494096,0,0.447365571494096,0
149,152,0.00040155997063,0.0604824139172486,0,373.174343587403,1,4.15539529789966,0,-4.15539529789966,0
147,153,0.001274520718466,0.0083532368890942,0,752.626813214569,1,182.875398968454,0,-182.875398968454,0
151,153,6.06537002872951e-05,0.0013742908424324,0,1118.17409889928,1,-248.884463616571,0,248.884463616571,0
148,154,0.0002312259966531,0.0037338909576619,0,440.890044999843,1,379.099773977921,0,-379.099773977921,0
149,154,0.0010365582478689,0.0038154388957293,0,414.272702696144,1,-373.414688227852,0,373.414688227852,0
153,154,0.0508480899133819,0.481977019748959,0,5.68508575006625,1,-5.68508575006862,0,5.68508575006862,0
146,156,0.0110904689041873,0.0321882070608472,0,2284.98610782864,1,-19.8445089101442,0,19.8445089101442,0
131,157,0.0121771549936593,0.100644143414932,0,528.636682934153,1,-14.9307134384946,0,14.9307134384946,0
132,157,0.0054196910660723,0.0195009928001188,0,630.831711904567,1,124.338856424271,0,-124.338856424271,0
121,158,0.1244851252158,0.880456833957256,0,2.36636467464213,1,0.272786390664462,0,-0.272786390664462,0
151,158,0.0113371638087371,0.857064959170252,0,2.4101330621799,1,-0.272786390664465,0,0.272786390664465,0
160,161,0.0008791335126399,0.0864504943203781,0,1438.46906415597,1,12.4828333324245,0,-12.4828333324245,0
152,162,0.028947656169898,0.0410781718052555,0,224.373108498486,1,-47.2024312753549,0,47.2024312753549,0
153,162,0.0097226328600646,0.0497812156815261,0,965.676336285709,1,-60.3239788980487,0,60.3239788980487,0
156,162,0.00228554972808,0.0014208880538623,0,768.02903414904,1,470.318594001962,0,-470.318594001962,0
157,162,0.0026252246203271,0.0739848563176774,0,67.7693174442909,1,-2.21953623297406,0,2.21953623297406,0
159,163,0.0139962278353193,0.0307873861009478,0,207.159234439883,1,-20.2969078429332,0,20.2969078429332,0
155,164,0.0180451696114156,0.0154903830628755,0,425.592526822655,1,-62.4371902389788,0,62.4371902389788,0
149,165,0.0021554090522674,0.0036581752659414,0,386.19041267987,1,386.19041267986,0,-386.19041267986,0
155,165,0.0226869717229261,0.0072312990705366,0,371.022964441027,1,62.4371902389782,0,-62.4371902389782,0
160,165,0.405416651052638,0.657902069160769,0,12.4447991100284,1,-0.498338609636542,0,0.498338609636542,0
130,166,0.285941940422594,0.593645694293187,0,19.0580340532629,1,-1.81802260850409,0,1.81802260850409,0
132,166,0.0007640598253494,0.0147237103671859,0,375.997876854177,1,129.301916371619,0,-129.301916371619,0
140,166,0.0171830448570727,0.0634131585039321,0,1234.74168208334,1,-4.54795687760572,0,4.54795687760572,0
157,167,0.0057329123119756,0.0191344994937844,0,273.640569401772,1,111.62767921875,0,-111.62767921875,0
160,167,0.0022581301229772,0.0941315964078306,0,2386.80419147073,1,-11.9844947227879,0,11.9844947227879,0
164,167,0.0001595935443599,0.0598730117225535,0,187.976078803427,1,10.3288001412804,0,-10.3288001412804,0
159,168,0.0020659402408293,0.0660552622359069,0,247.54604554343,1,20.2969078429331,0,-20.2969078429331,0
163,171,0.0004817049749213,0.0195656253562299,0,735.185835189927,1,25.6344541087211,0,-25.6344541087211,0
164,171,0.00395638259231,0.0152799144198117,0,1430.18576817436,1,8.63564949433435,0,-8.63564949433435,0
170,171,0.0264608324092681,0.0482387721810524,0,172.628509406597,1,-34.2701036030556,0,34.2701036030556,0
162,172,1.47386296737401e-06,0.0149959793637888,0,1175.68889036663,1,263.918265748861,0,-263.918265748861,0
168,172,0.0039769694815075,0.0335013212266961,0,245.281161926912,1,20.2969078429332,0,-20.2969078429332,0
170,172,0.423381705091732,0.945166350162521,0,13.1448144153986,1,0.519355870421651,0,-0.519355870421651,0
143,173,0.734304936166501,0.225119475989103,0,9.13742599012234,1,-4.70050192390651,0,4.70050192390651,0
124,174,0.0015921478053087,0.006185684862639,0,1203.70426746729,1,-289.830114907103,0,289.830114907103,0
165,174,0.0011876794066301,0.0074525281761803,0,1466.62121703044,1,289.830114907104,0,-289.830114907104,0
151,175,8.99759456008671e-05,0.0026747283776496,0,1201.21430211518,1,387.449165570448,0,-387.449165570448,0
126,176,0.038295245644828,0.10298956634669,0,19.0580340532629,1,-0.335094213359,0,0.335094213359,0
131,176,0.101037361925992,0.0588484959690922,0,15796.9966529036,1,18.2405271688624,0,-18.2405271688624,0
172,176,0.118055741070633,0.481733632487331,0,36.0875010376111,1,-2.52709020368927,0,2.52709020368927,0
121,177,0.0019089757106155,0.0180046229735902,0,398.240009765544,1,61.5908006955946,0,-61.5908006955946,0
122,177,0.0071693652292898,0.0751695645765396,0,166.036261859925,1,-18.5128657090511,0,18.5128657090511,0
167,177,3.32430625014132e-06,0.18294815003879,0,295.161076736977,1,9.1820313505932,0,-9.1820313505932,0
169,177,0.0001129350116399,0.0197625474110199,0,940.258498160248,1,151.053248373929,0,-151.053248373929,0
172,177,2.57557058750526e-05,6.91025718081035e-05,0,2224.25755042666,1,322.341448392899,0,-322.341448392899,0
173,177,0.0634479901257515,0.0500778710907744,0,243.769418821647,1,153.599316683372,0,-153.599316683372,0
169,178,0.0030896400345792,0.0087097026005957,0,741.692330511677,1,104.173168949497,0,-104.173168949497,0
173,178,0.0052633823863735,0.049925632880382,0,663.599488536891,1,112.448191330597,0,-112.448191330597,0
175,178,0.0051361157343488,0.0114451044457999,0,947.578187453571,1,-216.621360280095,0,216.621360280095,0
170,179,0.0347387428199819,0.0366204218896353,0,141.542846330787,1,33.750747732634,0,-33.750747732634,0
172,179,0.0176351439871692,0.0564066325771234,0,19.0580340532629,1,13.2092432137134,0,-13.2092432137134,0
176,179,0.101287543755849,0.127612793114047,0,523.318103702212,1,15.3783427518142,0,-15.3783427518142,0
123,180,0.0033264959047332,0.0378140867815414,0,114.781655564076,1,46.2923987449401,0,-46.2923987449401,0
183,184,0.0257973884649477,0.0120644217943102,0,464.758251993385,1,94.8521924322607,0,-94.8521924322607,0
181,186,0.0136949397132595,0.0799720164106281,0,797.5079716008,1,17.7302207358244,0,-17.7302207358244,0
181,187,0.0031195759259539,0.0198349611448102,0,253.769908716024,1,76.6531774142793,0,-76.6531774142793,0
184,187,8.2675529501495e-05,0.0006843679093764,0,707.317737101603,1,260.413439985061,0,-260.413439985061,0
183,188,0.0339196296432512,0.144679514021175,0,668.821784290267,1,25.7485029424034,0,-25.7485029424034,0
183,189,0.0006014553611115,0.0094948346693758,0,375.683581441396,1,89.567316803233,0,-89.567316803233,0
189,191,0.0022543586047263,0.0140203166050145,0,1924.63949287886,1,-442.953570580598,0,442.953570580598,0
190,191,0.0032798095356217,0.162279233651036,0,12.1313553167354,1,-2.76497534779291,0,2.76497534779291,0
188,193,0.0063743233341773,0.0474661794415974,0,23.4420488595119,1,0.976294037563052,0,-0.976294037563052,0
192,193,0.0004512239620356,0.0159971445357316,0,79.5063595614198,1,-38.2387590991392,0,38.2387590991392,0
189,194,0.0044932116759096,0.757197684873158,0,13.1137816205605,1,3.21058121875996,0,-3.21058121875996,0
192,194,0.0258282699365927,0.685034315553931,0,5.3447373324569,1,-1.60847601476844,0,1.60847601476844,0
185,195,0.0002039256756223,0.0008038432215478,0,1695.3458518913,1,803.480622761123,0,-803.480622761123,0
191,196,4.74184786197704e-05,0.0042245065625643,0,2747.94377330108,1,-571.206373253812,0,571.206373253812,0
192,197,0.0034349928924897,0.0138717454240688,0,230.780964851961,1,52.5426190329433,0,-52.5426190329433,0
190,199,0.188256380376886,0.815992956716328,0,11.5706155670019,1,2.76497534779291,0,-2.76497534779291,0
191,199,0.001512410256585,0.0613547835773739,0,3601.82898225468,1,44.0861874508287,0,-44.0861874508287,0
194,200,0.832799800630227,0.507046507303105,0,5.62964842333025,1,1.60210520399153,0,-1.60210520399153,0
189,201,0.0036397058293855,0.0073841911616293,0,790.505024034862,1,256.417074380703,0,-256.417074380703,0
195,202,0.0001239008308659,0.000898308632138,0,2001.81766799293,1,803.480622761114,0,-803.480622761114,0
200,202,0.0014258091532788,0.0027622456801621,0,571.510918349636,1,-386.618610319935,0,386.618610319935,0
193,203,0.0002361808784442,0.0021065565354477,0,1653.63904931457,1,-442.04578718101,0,442.04578718101,0
189,204,3.00139647215963e-05,0.0056227602410134,0,792.844796318398,1,272.893231784367,0,-272.893231784367,0
197,207,0.0050487517139961,0.0028908623976024,0,1518.70878853242,1,272.484864817831,0,-272.484864817831,0
205,207,0.0070239818330761,0.0045039776140755,0,460.556939676852,1,-224.476165256256,0,224.476165256256,0
198,208,0.0013791485628218,0.110268266302173,0,78.5100943252864,1,-3.66587353902352,0,3.66587353902352,0
202,208,0.0016127167977284,0.0643838983825531,0,81.7422612724499,1,3.66587353902355,0,-3.66587353902355,0
204,209,0.0009173504128569,0.010551670763182,0,290.678788356087,1,263.905627940721,0,-263.905627940721,0
205,209,0.0220913246915878,0.0732295397506971,0,1542.46301762521,1,-23.7808012094131,0,23.7808012094131,0
201,210,0.0010324754224104,0.0062517920246295,0,777.558163480381,1,246.623283674817,0,-246.623283674817,0
207,211,0.0004827558606666,0.0091836364729921,0,1111.29068781151,1,160.317252368709,0,-160.317252368709,0
210,211,0.00537511056291,0.0493020804696076,0,96.0755417587075,1,62.6039546600347,0,-62.6039546600347,0
205,212,0.003301152213286,0.0092958497089522,0,858.080539861255,1,248.256966465669,0,-248.256966465669,0
206,212,0.0069607154022112,0.019994652559782,0,203.287230497896,1,130.304040444121,0,-130.304040444121,0
204,213,0.0075831132064596,0.0204719583944696,0,210.357872155281,1,91.6969245244909,0,-91.6969245244909,0
206,213,0.0106044173324092,0.0151782535089042,0,578.361879081729,1,-154.909933119326,0,154.909933119326,0
209,213,0.0002942531516871,0.0025217951910339,0,3486.64039262171,1,-359.83480262053,0,359.83480262053,0
206,214,0.0036546068170325,0.0299164844984174,0,229.872717446383,1,123.584075129999,0,-123.584075129999,0
211,214,0.0020622504310772,0.0131809655877773,0,547.610845385055,1,222.921207028744,0,-222.921207028744,0
206,215,0.0193425619127558,0.112307024534997,0,155.771418367804,1,-15.466140462922,0,15.466140462922,0
210,215,0.0024060843878007,0.0013955068739416,0,765.966953561069,1,423.261752211289,0,-423.261752211289,0
210,216,0.0054164620106469,0.0090973793648122,0,232.987825236871,1,-232.987825236865,0,232.987825236865,0
207,218,7.33024027961385e-05,0.0104359649348718,0,152.609227577695,1,-112.308552807131,0,112.308552807131,0
218,219,0.0010969418751826,0.0220693014870362,0,95.8548321755341,1,-51.2292050449535,0,51.2292050449535,0
216,221,0.189819444152512,0.145845388534686,0,5229.48479412744,1,29.9364504060908,0,-29.9364504060908,0
218,221,0.0039404434481374,0.0190140679518042,0,1007.96351893352,1,94.8956786394579,0,-94.8956786394579,0
201,222,0.0085141187540403,0.0343224419862878,0,137.257258080997,1,9.79379070588742,0,-9.79379070588742,0
218,223,0.0021913390464335,0.0409426776240572,0,3648.23987145067,1,-25.8795527581059,0,25.8795527581059,0
219,223,0.220665637004301,0.384932486794359,0,5.8720032484589,1,0.184485819941455,0,-0.184485819941455,0
216,224,0.0003799040206156,0.0101621177263789,0,401.906694197589,1,-262.924275642956,0,262.924275642956,0
219,225,0.0002667000857402,0.0244838379187474,0,272.410829378795,1,-69.8843435843664,0,69.8843435843664,0
220,225,0.0005678177624713,0.0019120626407717,0,2232.61755145948,1,596.401227917941,0,-596.401227917941,0
199,226,0.0014452475796791,0.0583009228523861,0,791.231457457565,1,46.8511627986217,0,-46.8511627986217,0
219,226,0.020915177368449,0.268653916855011,0,269.994450581369,1,-13.1054255635456,0,13.1054255635456,0
223,226,0.0279248945364611,0.271857022993159,0,187.419586859144,1,-13.2122336057401,0,13.2122336057401,0
217,227,0.0043834174574481,0.0170737510906011,0,219.634465003978,1,-124.832129045548,0,124.832129045548,0
221,227,0.000415252280621,0.0176884370200074,0,252.286378369085,1,124.832129045548,0,-124.832129045548,0
218,228,0.0005896531609787,0.0095633061371393,0,172.886384474867,1,-116.270098105134,0,116.270098105134,0
222,228,0.0151438981365253,0.0526472775954563,0,30.6379078972834,1,10.1795547959968,0,-10.1795547959968,0
224,228,0.354031047858121,0.495584505319552,0,61.3528776464754,1,8.31680816093476,0,-8.31680816093476,0
182,229,0.001092395186384,0.0141058127542492,0,3501.95339996748,1,757.130307191133,0,-757.130307191133,0
229,230,0.0013552308203952,0.0026702688247374,0,1315.10671053459,1,916.341348226683,0,-916.341348226683,0
198,231,0.0050431823889388,0.0390697091797838,0,2320.32407303904,1,-8.95052914896093,0,8.95052914896093,0
197,232,0.0500942604467455,0.43709084806469,0,95.2234806994014,1,-4.74154207951685,0,4.74154207951685,0
218,232,0.0071645687474336,0.122105383294535,0,654.524324217221,1,-13.8253755383954,0,13.8253755383954,0
222,232,0.0668899757429574,0.104469001709359,0,213.615149799276,1,-0.385764090109264,0,0.385764090109264,0
231,233,0.251055277660861,0.50640530008071,0,2.49158721029832,1,0.52845098376943,0,-0.52845098376943,0
184,234,0.0032728399245136,0.0056367107693937,0,1866.77079709012,1,-33.7121149275816,0,33.7121149275816,0
229,234,2.42081667208065e-05,0.0039947564659959,0,79.6713251788093,1,79.6713251788056,0,-79.6713251788056,0
230,234,0.0979936402745543,0.449822637719748,0,85.4677460956084,1,-4.73210998087054,0,4.73210998087054,0
204,235,0.320984272706452,0.236020912228344,0,19.0580340532629,1,3.21002814101772,0,-3.21002814101772,0
213,235,0.0002702938808412,0.0020337633868617,0,2639.04009840964,1,-550.497595185897,0,550.497595185897,0
225,235,5.72247051596613e-05,0.0023859534918948,0,1711.34711243297,1,526.516884333573,0,-526.516884333573,0
228,236,0.0003010788991798,0.0151641685196891,0,65.9356568220961,1,14.6406902847477,0,-14.6406902847477,0
230,236,6.53750427034485e-05,0.0008195094609385,0,1384.25027168228,1,921.312736971853,0,-921.312736971853,0
233,236,0.298893320182795,0.480460387782092,0,2.24600960799249,1,0.52845098376943,0,-0.52845098376943,0
188,238,0.0343842434940037,0.0197436425279294,0,1401.28961305679,1,24.7722089048406,0,-24.7722089048406,0
193,238,0.002581590389445,0.0010938017084088,0,1553.63123770622,1,404.783322119437,0,-404.783322119437,0
197,238,0.0016722861759291,0.0041719942666838,0,544.677912772434,1,-215.200703705373,0,215.200703705373,0
198,238,0.0271813837357203,0.0060204132617063,0,91.0641785344394,1,91.0641785344307,0,-91.0641785344307,0
202,238,0.0001852524972225,0.0028763500557478,0,806.308946580458,1,413.196138902159,0,-413.196138902159,0
236,238,0.0014691717401594,0.0004019601704178,0,2715.47170280778,1,936.481878240369,0,-936.481878240369,0
184,239,0.266165631996344,0.366595421983376,0,79.4096640794095,1,5.26163363495943,0,-5.26163363495943,0
230,239,0.0251578118358092,0.0405132047652577,0,74.8356372657173,1,-0.23927876429628,0,0.23927876429628,0
231,239,0.0033502224729063,0.0256576453374338,0,1786.82966676836,1,-9.47898013273027,0,9.47898013273027,0
234,239,0.0086402335195551,0.0232326906455443,0,929.589477476935,1,91.2040829161385,0,-91.2040829161385,0
237,239,0.0001976560754571,0.0264081483127934,0,714.858777691953,1,-86.7474576540714,0,86.7474576540714,0
192,240,0.015761983775738,0.140278597253432,0,876.357543572624,1,-12.6953839190358,0,12.6953839190358,0
226,240,0.0994270766569448,0.123018463524002,0,167.805213075534,1,20.533503629336,0,-20.533503629336,0
232,240,0.0666987318450631,0.0230713437264889,0,1110.61795657576,1,-18.9526817080216,0,18.9526817080216,0
235,240,0.0003485985239688,0.025999708690297,0,242.69710364582,1,-20.770682711304,0,20.770682711304,0
243,245,0.0216603209186599,0.200806601974115,0,73.0830179471182,1,-6.49847197978802,0,6.49847197978802,0
244,247,0.0043504568461283,0.0046763626519119,0,782.022761374592,1,241.283070491618,0,-241.283070491618,0
244,248,0.0331503506243874,0.147400506829438,0,122.787807834623,1,6.50215102233405,0,-6.50215102233405,0
243,249,0.0315525111351004,0.172574107547393,0,70.4632576169323,1,6.49847197978797,0,-6.49847197978797,0
245,250,0.0284054371328436,0.0620713575960691,0,154.683095410229,1,-6.09869248208734,0,6.09869248208734,0
242,252,0.0031807048694751,0.0242990262261489,0,448.313619375538,1,-68.0876834514074,0,68.0876834514074,0
250,252,0.0232192383812971,0.0776451612101993,0,137.190631560005,1,-6.06084344189668,0,6.06084344189668,0
246,253,0.0027762616717579,0.0426601168434582,0,43.3503435358231,1,-43.3503435357731,0,43.3503435357731,0
246,254,0.0007165168216607,0.0113573002603771,0,308.506443771789,1,-195.722762320977,0,195.722762320977,0
249,254,0.0265128578064579,0.203573272712195,0,70.6562658915806,1,6.49847197978799,0,-6.49847197978799,0
248,255,0.0117956071259873,0.148691549757399,0,93.0164184620568,1,6.50215102233402,0,-6.50215102233402,0
253,255,0.112525564457343,0.10254886097332,0,85.07457823025,1,-6.50215102233402,0,6.50215102233402,0
252,257,0.0011767874871738,0.00830168188571,0,257.860574337955,1,-119.737417591745,0,119.737417591745,0
256,257,0.0043231786678035,0.0073095577508881,0,227.793165915257,1,-176.543666330414,0,176.543666330414,0
250,258,0.00404124420475,0.409804155600666,0,2.05244494036851,1,-0.0378490401907128,0,0.0378490401907128,0
251,259,0.0166256131034176,0.0327260360939677,0,213.308536503213,1,68.2036567867405,0,-68.2036567867405,0
256,259,0.0220473034334463,0.0329876458862698,0,63.6815670794666,1,28.9289415097227,0,-28.9289415097227,0
251,260,0.0060568751596359,0.0525793573414944,0,1078.9237630482,1,59.4108742973613,0,-59.4108742973613,0
252,260,0.0007372859029522,0.0469957060898896,0,45.5888906984612,1,45.5888906984412,0,-45.5888906984412,0
253,261,0.0030127314451836,0.0543269299966332,0,13745.8938181493,1,-36.8481925134392,0,36.8481925134392,0
260,261,0.0144157790910805,0.0228727796308123,0,4606.24777155679,1,36.1866272571122,0,-36.1866272571122,0
256,263,5.88862955680623e-05,0.0110220351656304,0,558.411395536013,1,147.614724820691,0,-147.614724820691,0
258,263,0.0164149787338057,0.0336026338342266,0,164.907622459657,1,43.6978957350446,0,-43.6978957350446,0
262,263,0.0024558139286722,0.0045951202096171,0,345.277513356651,1,-191.312620555735,0,191.312620555735,0
260,264,0.0138985207340293,0.0047344504044554,0,571.609781938826,1,149.910641077219,0,-149.910641077219,0
261,264,0.022061322872123,0.178280607129991,0,19.0580340532629,1,-0.661565256326813,0,0.661565256326813,0
259,265,0.0091839604000782,0.0216620585419447,0,642.515906222567,1,101.597917012956,0,-101.597917012956,0
262,267,0.0796819651708066,0.230888261858896,0,19.0580340532629,1,0.0589787706705369,0,-0.0589787706705369,0
266,267,0.345539099265778,1.43669116768608,0,19.0580340532629,1,0.0,0,0.0,0
262,269,0.0003630989597372,0.0046411736399587,0,400.382487751936,1,190.833495636215,0,-190.833495636215,0
259,270,0.0299826561241143,0.167353519154438,0,4.88257254201873,1,2.39710581380881,0,-2.39710581380881,0
264,270,0.0197148793549325,0.112580784945111,0,98.2936847834978,1,-10.6619496217502,0,10.6619496217502,0
268,270,8.84281498990709e-05,0.0004238092673449,0,2562.53897431963,1,-1325.27715139356,0,1325.27715139356,0
262,271,0.0332860959079416,0.205170953985359,0,2.02276928314467,1,0.420146148850331,0,-0.420146148850331,0
268,271,0.344237342168959,0.545048047003987,0,8.0887566167274,1,1.23877969331036,0,-1.23877969331036,0
269,272,0.003266263844296,0.0033509247271903,0,380.224384475517,1,190.833495636216,0,-190.833495636216,0
257,273,0.0050604817565487,0.0326122016508059,0,214.91750963968,1,40.7855334771829,0,-40.7855334771829,0
272,275,0.0004834687045709,0.0022619129158746,0,1399.87894448871,1,-349.008363466641,0,349.008363466641,0
268,276,0.0001337830732529,0.0004888597625113,0,1825.27839804075,1,1325.57661656345,0,-1325.57661656345,0
272,276,2.49527168236867e-05,0.0013496521798005,0,3613.60024811094,1,-1086.30333591467,0,1086.30333591467,0
267,277,1.01955729058836,1.70896503004159,0,19.0580340532629,1,0.0589787706705078,0,-0.0589787706705078,0
275,278,0.0623962423504995,0.301991704574691,0,40.1048357829795,1,3.26238924530584,0,-3.26238924530584,0
277,278,0.0006514380586814,0.0052207527053364,0,1585.66699664064,1,307.721503241201,0,-307.721503241201,0
276,279,0.0029228638867624,0.381698296687714,0,37.8092060939693,1,4.07360639695542,0,-4.07360639695542,0
243,280,0.183687702718641,0.46942669168423,0,19.0580340532629,1,0.0,0,0.0,0
270,281,0.0021972420809988,0.0103584763430513,0,988.583777523942,1,157.662745977989,0,-157.662745977989,0
271,281,0.0086064120463279,0.238881463688136,0,11.9145364380466,1,1.65892584216066,0,-1.65892584216066,0
277,281,0.0273205155874075,0.119177702651199,0,3.08848256739851,1,3.08848256739889,0,-3.08848256739889,0
272,282,0.002775301860307,0.0261721111769381,0,282.187337793845,1,-13.5735405591841,0,13.5735405591841,0
274,282,0.0037447876201338,0.0259296553485189,0,277.725013775311,1,13.5735405591845,0,-13.5735405591845,0
273,283,0.0004025034665328,0.0239999080873307,0,140.512926301485,1,40.7855334771829,0,-40.7855334771829,0
277,283,0.001646734148188,0.0108444522444964,0,459.256291360015,1,-147.728103825293,0,147.728103825293,0
268,284,0.0059532939171818,0.0198182196542056,0,240.005342480614,1,53.1091573615488,0,-53.1091573615488,0
274,284,0.0024256018972361,0.0261109727621112,0,321.392759089919,1,-13.5735405591846,0,13.5735405591846,0
275,284,0.0014362042257636,0.0048402366198546,0,259.432713977376,1,-56.236354804372,0,56.236354804372,0
277,284,0.0010138155607404,0.0188601103964691,0,300.139977544002,1,18.511350683014,0,-18.511350683014,0
279,284,0.0047369096029235,0.635354407315233,0,12.7826238286497,1,-1.8106126810044,0,1.8106126810044,0
277,286,0.0004088606597707,0.008612643318098,0,505.024216188809,1,-248.902588026121,0,248.902588026121,0
285,286,0.0014120694300155,0.0081537233055267,0,524.918938351082,1,255.983537310037,0,-255.983537310037,0
277,287,0.0310199956722563,0.0297414145513632,0,248.614496271397,1,67.3683341304707,0,-67.3683341304707,0
279,287,0.0935027651713864,0.0856736776866366,0,75.525569018001,1,5.88421907795982,0,-5.88421907795982,0
281,287,0.005852524113628,0.0100704989913709,0,1326.90105191547,1,162.410154387549,0,-162.410154387549,0
283,290,0.0017610411914146,0.0258225346753537,0,538.189300190368,1,-91.7591986201089,0,91.7591986201089,0
285,290,0.0085819557363172,0.0022066264164199,0,194.725530116421,1,117.574360767242,0,-117.574360767242,0
289,290,0.0129244406544209,0.0400921315295836,0,132877.976769673,1,-25.8151621471331,0,25.8151621471331,0
245,291,0.0052042332075843,0.118803165600843,0,32.7767041913103,1,-0.399779497700758,0,0.399779497700758,0
270,292,0.0079568415530226,0.0109574563251816,0,282.611654205251,1,114.100954743632,0,-114.100954743632,0
287,292,0.001272724258651,0.0100842819736065,0,210.659512692354,1,-200.157125451239,0,200.157125451239,0
289,292,0.0062181664265719,0.0447010072909607,0,110.605755376437,1,65.3607025208243,0,-65.3607025208243,0
283,293,0.0040992423560183,0.0550301120579711,0,75.9241448606759,1,-3.80214394826912,0,3.80214394826912,0
286,293,0.685153628395344,0.587412351384129,0,9.20230387691974,1,0.565950709412161,0,-0.565950709412161,0
289,294,0.0160132165623067,0.0775765363940486,0,10.3377274436478,1,-2.9034827690833,0,2.9034827690833,0
291,294,0.0238737331600317,0.256871373684289,0,19.0580340532629,1,-4.07376425594475,0,4.07376425594475,0
288,295,0.0002851113228826,0.0126726445762822,0,800.180030339381,1,-166.901129231259,0,166.901129231259,0
294,295,0.0797719180634506,0.642476798687499,0,17.2707774551656,1,2.6021069460622,0,-2.6021069460622,0
242,296,0.0437485629922438,0.30939883002319,0,19.0580340532629,1,-3.46373544534461,0,3.46373544534461,0
289,296,0.0426790984063266,0.353296937332656,0,11.4594656233959,1,1.70487121039284,0,-1.70487121039284,0
293,296,0.0017685233232107,0.0550967792084937,0,75.6084306034917,1,-9.49079119850325,0,9.49079119850325,0
294,296,0.0041234505807264,0.0506437941019732,0,178.248992361166,1,16.3409540805208,0,-16.3409540805208,0
295,296,0.0112358772552141,0.16581730618993,0,68.2496768823529,1,-5.09129864706561,0,5.09129864706561,0
242,297,0.0748472325114805,0.0144857999856873,0,75.9133605279667,1,-1.36457439842417,0,1.36457439842417,0
270,297,0.0084767808359016,0.0328626941609978,0,26.5929517740923,1,-0.523343944347054,0,0.523343944347054,0
291,297,0.0330400017487516,0.0368874364702289,0,734.249243779931,1,22.5833865295535,0,-22.5833865295535,0
292,297,0.0202318595978367,0.0612431044714619,0,1063.41191695604,1,-20.6954681867828,0,20.6954681867828,0
241,298,0.0016786423630657,0.0065030456505579,0,1269.28614676413,1,-335.887492521504,0,335.887492521504,0
244,299,0.0051466917096452,0.138219010398079,0,137.89063430009,1,-16.2465204428445,0,16.2465204428445,0
251,299,0.0209361487539645,0.0232104332716193,0,7808.48538182314,1,48.0698518174618,0,-48.0698518174618,0
259,299,0.014038707662557,0.162670385783971,0,83.9122217462813,1,-6.86242453030208,0,6.86242453030208,0
270,299,0.0269205024600626,0.105565848353851,0,226.800936699714,1,-14.3746994236014,0,14.3746994236014,0
283,299,0.0009562352082939,0.103724709017394,0,294.439867755729,1,-11.3812277797314,0,11.3812277797314,0
289,299,0.0652161567475799,0.19364997440692,0,33.1872746527973,1,0.795020359017518,0,-0.795020359017518,0
241,300,0.0006374313764587,0.0070967134857295,0,947.514025276603,1,335.887492521504,0,-335.887492521504,0
247,300,0.0120374279031012,0.137547761692054,0,433.850888107939,1,-25.770142194402,0,25.770142194402,0
275,300,0.0018663211422996,0.0120749094475555,0,652.040174851164,1,-296.034397907575,0,296.034397907575,0
291,300,0.0126889918573772,0.0443142454563566,0,215.820194108506,1,-18.9094017713094,0,18.9094017713094,0
294,300,0.0062381307510713,0.0431948071488291,0,159.987836790416,1,4.82644935178187,0,-4.82644935178187,0
24,76,0.0028011957213625,0.0327717735312595,0,118.503105493507,1,-30.7290912315742,0,30.7290912315742,0
60,114,0.0002882228807077,0.0136007648857977,0,419.164746843478,1,23.2302793801098,0,-23.2302793801098,0
32,62,0.0010698053127929,0.0205164105012657,0,454.083791546326,1,-126.570238320112,0,126.570238320112,0
40,82,0.0033428085271904,0.0012752259806155,0,5258.86098086303,1,333.330693818201,0,-333.330693818201,0
100,128,0.0714838765044386,0.287496911460576,0,27.3971940428928,1,9.45424783075177,0,-9.45424783075177,0
103,139,0.0014595522764763,0.0113291726145774,0,2497.85890997026,1,-92.4556628470201,0,92.4556628470201,0
120,144,0.0024508601604074,0.031455746806762,0,2.60380201878173,1,-2.60380201877863,0,2.60380201877863,0
91,135,0.0028276191755819,0.0178056637644134,0,664.33960669114,1,-47.2233301748605,0,47.2233301748605,0
135,181,0.0038616841970439,0.0156380684283874,0,391.287780135139,1,94.3833981501038,0,-94.3833981501038,0
164,191,0.007116711725031,0.0631762838820096,0,4246.12922674261,1,-81.4016398745936,0,81.4016398745936,0
161,223,0.0223837419237647,0.084905948110061,0,851.41221119946,1,12.4828333324244,0,-12.4828333324244,0
152,234,0.0008954553570129,0.0182949546390612,0,1914.21266609893,1,49.9769826457839,0,-49.9769826457839,0
238,270,7.0461369280386e-05,0.0002947541274439,0,4114.75639031933,1,1728.73192540226,0,-1728.73192540226,0
187,257,0.0008208365693393,0.002241254414293,0,566.054414385248,1,337.066617399343,0,-337.066617399343,0
210,293,0.0228796037264691,0.0172619959181852,0,374.304877028224,1,-6.25459795964645,0,6.25459795964645,0
209,276,6.87674230829066e-05,0.0010771011140178,0,2556.07313090452,1,709.428132080092,0,-709.428132080092,0
258,14,0.009558401190376,0.0185843234985098,0,133.149582559124,1,-43.7357447752348,0,43.7357447752348,0
286,10,0.018516876526991,0.288563210972563,0,25.7850744019929,1,6.51499857450473,0,-6.51499857450473,0
285,60,0.0004774387356054,0.0219962486119416,0,347.325047262778,1,22.4767489287315,0,-22.4767489287315,0
244,26,0.0004887785989415,0.0079267982501018,0,762.485899947827,1,-231.538701071106,0,231.538701071106,0
